[[[ 1.51062416e-01]
  [-3.80597069e-01]
  [ 7.02561443e-05]
  [-6.08304887e-02]
  [ 4.68373189e-01]
  [-7.05424439e-02]
  [-5.99433154e-02]
  [ 3.31360999e-02]
  [-2.66258186e-02]
  [ 5.99989298e-01]
  [ 2.80419236e-02]
  [-4.99429831e-01]
  [ 1.35874143e-01]
  [ 4.44056478e-01]
  [ 6.30407973e-01]
  [-4.50156763e-01]
  [-2.30808223e-01]
  [-1.00748610e-01]
  [-3.02233285e-01]
  [-1.77299538e-01]
  [-1.21711074e-01]
  [-2.94413533e-01]
  [-2.36292112e-01]
  [-5.65344264e-03]
  [ 2.89999155e-01]
  [ 2.50009535e-01]
  [ 4.37456766e-02]
  [-6.59727814e-01]
  [-3.34331980e-01]
  [ 1.80619046e-01]
  [ 9.28606583e-02]
  [ 6.82115663e-01]
  [-2.86005004e-01]
  [-7.99526302e-02]
  [ 2.62405435e-02]
  [-1.07501759e-01]
  [-9.12617579e-03]
  [ 6.67999524e-02]
  [-1.27733064e-01]
  [-3.73831236e-02]
  [-4.86544509e-01]
  [ 7.56148694e-02]
  [-4.41853229e-01]
  [-2.14739291e-01]
  [-1.72888494e-01]
  [ 2.24617958e-01]
  [-1.94200036e-01]
  [-3.71027987e-01]
  [-2.42764170e-01]]

 [[ 3.90149923e-01]
  [-5.24767720e-01]
  [ 4.44054112e-02]
  [-1.74801682e-01]
  [-2.38579376e-01]
  [-6.03906881e-01]
  [ 5.52352619e-01]
  [-4.46609444e-01]
  [ 2.83455436e-02]
  [ 4.84801849e-01]
  [ 7.33274442e-01]
  [-1.64910430e-01]
  [ 2.50823749e-01]
  [-1.65363149e-01]
  [-2.24126539e-01]
  [ 1.61687709e-01]
  [ 3.55089315e-01]
  [-2.06070304e-01]
  [ 2.30119315e-02]
  [ 3.09975361e-01]
  [ 8.84557531e-02]
  [ 4.43642501e-02]
  [ 2.42275784e-02]
  [ 2.65241204e-01]
  [ 3.02366093e-01]
  [-1.02289479e-01]
  [ 1.59330176e-01]
  [ 6.42954469e-01]
  [ 2.00324587e-01]
  [-4.03193611e-01]
  [ 1.64481264e-01]
  [ 3.08237538e-01]
  [-3.68160922e-02]
  [ 8.03481567e-02]
  [-1.53445510e-01]
  [ 3.63858277e-01]
  [-5.81265825e-01]
  [-3.03586672e-01]
  [-5.84334067e-02]
  [ 1.27930929e-01]
  [ 3.45370852e-01]
  [ 4.77453284e-01]
  [ 1.57051659e-01]
  [ 8.43995296e-02]
  [ 2.89348331e-03]
  [ 1.48211319e-01]
  [-1.42564832e-01]
  [ 4.51549518e-01]
  [ 1.97184363e-01]]

 [[ 4.03961436e-01]
  [-1.53245385e-01]
  [-5.44008444e-01]
  [-4.22198678e-02]
  [-3.95808644e-01]
  [ 4.57422233e-01]
  [-3.98321635e-01]
  [-6.39313117e-01]
  [-1.34027644e-01]
  [ 6.26461337e-02]
  [-2.70073528e-01]
  [ 5.55239813e-01]
  [-3.58267894e-01]
  [ 2.05820685e-01]
  [ 9.45179565e-02]
  [-1.26907762e-01]
  [ 7.97153729e-02]
  [-2.48761496e-01]
  [-1.44615268e-01]
  [-2.27651544e-01]
  [ 7.39910556e-01]
  [ 2.38829010e-01]
  [-3.07361603e-01]
  [-9.97185363e-02]
  [ 3.54854431e-01]
  [-3.67429683e-02]
  [-1.11559765e-01]
  [-5.20759036e-01]
  [ 3.15455761e-01]
  [-2.42420225e-01]
  [ 1.19390670e-01]
  [ 3.88836120e-01]
  [-2.32276439e-02]
  [ 3.94382431e-01]
  [-5.44862946e-01]
  [ 1.78378592e-01]
  [ 4.54784745e-02]
  [ 5.28613333e-01]
  [-4.99604838e-01]
  [ 2.83964613e-01]
  [ 2.60683664e-01]
  [ 6.56052659e-01]
  [ 6.22927991e-01]
  [-1.08777776e+00]
  [ 1.59947968e-01]
  [-3.04666784e-01]
  [-3.25205825e-01]
  [ 5.40328957e-01]
  [-7.44763580e-01]]

 [[ 1.00000000e-02]
  [-3.00395616e+00]
  [-3.77787978e+00]
  [-1.59969032e+00]
  [-3.78415962e+00]
  [ 5.61545683e-03]
  [ 2.65945052e-03]
  [ 2.74870848e-03]
  [ 5.43404402e-03]
  [ 5.54973339e-03]
  [ 6.05709169e-03]
  [ 7.80202614e-03]
  [ 2.21573406e-03]
  [ 5.86920628e-03]
  [ 2.76920918e-03]
  [-2.34911004e-03]
  [ 3.91270870e-04]
  [ 5.30810963e-03]
  [ 4.15101989e-03]
  [ 7.45091579e-01]
  [ 3.35303688e-03]
  [ 1.12008230e-02]
  [ 6.30078810e-03]
  [ 8.84008764e-03]
  [ 6.07940164e-03]
  [ 6.22440485e-03]
  [ 5.01673664e-03]
  [ 9.66783827e-03]
  [ 6.29554812e-03]
  [ 7.34621206e-03]
  [ 1.32819834e-02]
  [ 1.54507313e-02]
  [ 1.11639085e-02]
  [ 1.42563446e-02]
  [ 1.80168423e-02]
  [ 2.89445681e+00]
  [-1.88829010e+00]
  [ 1.18558800e+00]
  [ 3.57142960e+00]
  [ 1.57239403e-02]
  [-1.46896247e+00]
  [ 5.41274779e-03]
  [ 3.41783164e+00]
  [ 2.62295738e-01]
  [ 2.07727667e+00]
  [-4.82616962e+00]
  [ 4.20695991e-01]
  [-2.69305279e-01]
  [ 7.26957104e-01]]

 [[ 7.15401479e-01]
  [-7.05882512e-01]
  [ 2.53595114e-01]
  [ 2.00071379e-01]
  [-1.00316184e+00]
  [ 4.01584881e-01]
  [-1.69034743e-01]
  [ 5.48468111e-01]
  [-6.88797063e-01]
  [ 4.25537930e-01]
  [ 1.86231548e-01]
  [-1.53647084e-01]
  [ 4.70889389e-02]
  [-1.85920047e-01]
  [ 7.11880288e-01]
  [-6.93583339e-02]
  [-1.13807743e-01]
  [ 2.62451279e-01]
  [-9.45135819e-01]
  [ 9.99350290e-02]
  [-1.07249138e-01]
  [-4.57875044e-01]
  [-2.10289331e-01]
  [-5.49755893e-01]
  [-4.95529458e-01]
  [-4.08437536e-01]
  [ 3.60820129e-01]
  [ 4.27512682e-01]
  [-1.15296168e-01]
  [ 3.53672690e-01]
  [ 7.08034308e-01]
  [-9.21245204e-01]
  [ 2.22814511e-01]
  [ 1.44667479e-01]
  [-1.63566483e-01]
  [ 2.14384370e-01]
  [ 2.55696548e-01]
  [-5.91592653e-01]
  [-3.63215830e-01]
  [-4.14833631e-01]
  [ 5.67969627e-01]
  [-6.61480491e-01]
  [ 4.14646392e-01]
  [-1.75888725e-01]
  [ 8.28054474e-01]
  [ 2.33047308e-01]
  [-1.33266553e+00]
  [ 8.32879137e-01]
  [-1.75851185e-01]]

 [[-6.64948032e-01]
  [ 6.46890731e-01]
  [ 5.63232227e-01]
  [-2.04776994e-01]
  [ 6.89524507e-01]
  [-1.70655432e-01]
  [-3.81313330e-01]
  [-7.83620374e-01]
  [-7.65059114e-02]
  [ 1.76734579e-01]
  [ 9.10418603e-01]
  [-4.22452468e-01]
  [ 3.03817896e-01]
  [-1.00965625e+00]
  [ 4.46204419e-01]
  [ 1.39787209e-01]
  [-5.55456827e-01]
  [-4.02774588e-02]
  [ 6.00775318e-01]
  [-6.67780958e-01]
  [ 9.38000693e-01]
  [-1.36189754e+00]
  [-1.57162144e-01]
  [-3.69541291e-01]
  [ 1.08388187e+00]
  [ 8.47789153e-01]
  [-6.55575507e-01]
  [ 1.00628698e+00]
  [-4.05060338e-01]
  [ 3.63651817e-01]
  [-1.20831015e+00]
  [ 8.25052407e-01]
  [-7.83379794e-01]
  [ 2.72476368e-01]
  [-7.82532979e-01]
  [-2.08004881e-01]
  [-5.59473396e-02]
  [-4.97923015e-02]
  [ 1.52322707e-01]
  [ 4.03980323e-01]
  [ 5.84831402e-01]
  [ 4.45565350e-01]
  [-1.29728780e+00]
  [-4.61469639e-01]
  [ 5.24338594e-02]
  [ 5.38292857e-01]
  [-6.84182711e-01]
  [ 9.05924663e-01]
  [ 4.67897030e-01]]

 [[ 2.24645423e+00]
  [ 4.37370215e-03]
  [ 1.05923954e-02]
  [ 1.53624823e-02]
  [ 1.91834184e-02]
  [ 2.15473339e-02]
  [ 1.94361538e-02]
  [ 1.60573890e-02]
  [ 1.22879300e-02]
  [ 6.62817607e-03]
  [ 3.79100975e-03]
  [ 1.31065312e-02]
  [ 1.21324238e-02]
  [ 7.19635907e-03]
  [ 1.37194293e-02]
  [ 1.05683575e-02]
  [ 1.46453322e-02]
  [ 1.77620065e-02]
  [ 1.67820193e-02]
  [ 1.00910392e-02]
  [ 6.76550623e-03]
  [-1.83330050e-04]
  [ 4.83969443e-03]
  [ 7.37561663e-03]
  [ 3.30871523e-03]
  [-2.67558915e-01]
  [-3.45384640e-04]
  [-3.07714610e-03]
  [-3.66231357e-03]
  [ 4.64415548e-03]
  [ 8.90530054e-03]
  [-1.79492332e-03]
  [ 5.36374607e-04]
  [ 3.14398199e-03]
  [ 2.83206108e-03]
  [ 2.29675719e-03]
  [ 2.32350318e-03]
  [-1.31630310e-03]
  [-2.81065743e-03]
  [ 1.15864464e-03]
  [-2.52881352e-03]
  [-2.88787523e-03]
  [-1.22872459e-03]
  [ 1.82648070e-03]
  [-8.61293278e-04]
  [ 1.33561351e-04]
  [ 1.56351741e-03]
  [-2.73996094e-03]
  [-2.18969012e-03]]

 [[ 1.05512287e-01]
  [-8.23620904e-01]
  [ 4.23386480e-01]
  [ 5.34026965e-01]
  [-8.19441779e-01]
  [ 4.69762357e-01]
  [-2.24530503e-01]
  [ 3.59622541e-01]
  [-4.25668708e-02]
  [ 1.59901346e-02]
  [-9.60957119e-01]
  [ 2.56101829e+00]
  [-4.41061293e-01]
  [ 3.28450576e-01]
  [ 1.12959340e-01]
  [-1.00015849e+00]
  [ 7.11224160e-01]
  [-5.34641584e-03]
  [-2.10465042e-01]
  [-5.38401232e-01]
  [ 4.72167936e-01]
  [-7.02110802e-01]
  [ 1.66159062e+00]
  [-8.75998432e-01]
  [-1.51370754e-01]
  [-2.07834473e-01]
  [ 2.87731599e-02]
  [-5.45219584e-01]
  [ 8.46446159e-01]
  [ 8.37112545e-01]
  [-1.65071726e+00]
  [ 1.53130504e-02]
  [ 4.16855459e-02]
  [ 2.55204821e-01]
  [-4.77389896e-01]
  [ 3.88276245e-01]
  [-4.82472982e-01]
  [ 5.08479111e-02]
  [ 1.37173265e-01]
  [ 1.52848822e+00]
  [-1.03602596e+00]
  [-1.64994501e-01]
  [ 3.83036995e-01]
  [-1.83539611e-01]
  [-7.72505318e-03]
  [ 1.01541148e+00]
  [ 2.45619530e-01]
  [-1.51992395e+00]
  [ 9.95979040e-01]]

 [[-8.50464320e-02]
  [ 5.14960442e-01]
  [ 5.13705265e-01]
  [ 1.23564829e-01]
  [-2.31930527e-01]
  [-4.71223641e-01]
  [-6.40396330e-01]
  [-4.01776847e-01]
  [ 1.90126611e-01]
  [ 2.88260664e-01]
  [-7.64927561e-01]
  [ 1.03094027e-02]
  [-1.16251604e-01]
  [-1.04011191e-01]
  [-2.62120495e-01]
  [-3.11538927e-01]
  [-1.37534358e+00]
  [-1.05988795e-01]
  [ 1.08414759e-01]
  [-6.87277053e-02]
  [ 3.84112739e-02]
  [ 5.35234774e-02]
  [ 4.03377449e-01]
  [ 4.38938126e-01]
  [-8.71836735e-02]
  [ 3.77429528e-01]
  [ 1.50327646e-01]
  [-2.33153948e-01]
  [ 8.21507048e-01]
  [ 3.30284442e-01]
  [ 4.03697847e-01]
  [-6.48740868e-01]
  [ 2.39465751e-01]
  [ 5.15799012e-02]
  [ 5.96469154e-01]
  [ 7.29336913e-01]
  [ 9.96642749e-02]
  [ 1.94338308e-02]
  [ 8.43277080e-02]
  [ 1.85410455e-01]
  [ 6.47935084e-03]
  [-4.02804277e-01]
  [-7.51935744e-02]
  [ 4.92609052e-01]
  [-4.20391625e-01]
  [-1.51236490e-01]
  [ 1.53652031e-01]
  [-7.34987098e-01]
  [-5.32304421e-01]]

 [[ 5.62048412e+00]
  [-4.63661461e+00]
  [-2.88292187e+00]
  [-8.23045510e+00]
  [-4.65693267e-01]
  [-7.07794251e-03]
  [-7.74530373e-03]
  [-1.25243382e-02]
  [-8.10782012e-03]
  [-9.53696276e-03]
  [-4.77885532e-03]
  [-3.72961356e-03]
  [-7.80316759e-03]
  [-7.70836335e-03]
  [-9.16561031e-03]
  [-1.26150276e-02]
  [-1.45900333e-02]
  [-1.34012147e-02]
  [-1.29291139e-02]
  [-1.24187725e-02]
  [-7.59591753e-03]
  [-2.16795734e-03]
  [ 6.70069448e-01]
  [-8.87050449e-04]
  [-1.63825119e-03]
  [-7.19903475e-04]
  [-1.84555354e-03]
  [-6.88086801e-03]
  [-1.66230454e-03]
  [-3.09659411e-03]
  [-1.05298306e-02]
  [-7.63188246e-03]
  [-1.03153119e-02]
  [-1.32964625e-02]
  [-6.29551727e-03]
  [-9.19515668e-03]
  [-5.43984391e-03]
  [-8.88212457e-03]
  [-6.78719373e-03]
  [-6.70659553e-03]
  [-5.39181583e-03]
  [-2.45036024e+00]
  [ 4.57544087e+00]
  [-1.04483606e+00]
  [ 5.76265391e+00]
  [-5.41858129e-01]
  [-3.71408486e-03]
  [-4.98958376e-01]
  [ 3.02853975e-03]]

 [[ 5.50437740e-01]
  [ 8.02381846e-01]
  [ 2.92408070e-01]
  [-2.15451912e-01]
  [-2.18106974e-01]
  [ 1.22953559e-01]
  [ 4.37432917e-01]
  [-1.26007943e-01]
  [ 7.21260619e-01]
  [-1.43251536e-01]
  [ 3.63792436e-01]
  [ 1.81330282e-01]
  [-5.37468740e-01]
  [-1.06170972e-01]
  [-1.20454567e-01]
  [-1.07019286e-01]
  [ 2.59651994e-01]
  [-3.25633328e-01]
  [ 3.02668828e-01]
  [-8.13438530e-02]
  [ 1.85829262e-01]
  [-1.60044933e-01]
  [-2.13330338e-01]
  [-1.04006159e-01]
  [-8.11630265e-03]
  [-1.34595288e-01]
  [ 1.83612648e-01]
  [-3.44789304e-01]
  [-4.91259391e-01]
  [-8.84811213e-02]
  [ 3.07036889e-01]
  [ 4.24679819e-01]
  [-3.97732407e-01]
  [ 2.22225294e-01]
  [ 3.19285190e-01]
  [ 3.30012566e-01]
  [-7.26008647e-02]
  [-1.79670210e-01]
  [-1.16442497e-02]
  [-8.21701306e-01]
  [-5.45714695e-02]
  [ 6.74525158e-01]
  [ 1.50680765e-01]
  [ 1.34985474e-01]
  [ 7.80803157e-02]
  [-4.30939274e-01]
  [ 1.40798026e-01]
  [ 4.74285272e-01]
  [ 3.02700394e-01]]

 [[ 3.07042902e-01]
  [ 9.08592662e-03]
  [ 7.60728726e-03]
  [ 3.45356701e-03]
  [ 8.06197491e-03]
  [ 5.14074129e-03]
  [ 3.56982071e-03]
  [ 4.67872626e-03]
  [ 5.45121516e-03]
  [ 7.26878935e-03]
  [-9.98508799e-01]
  [ 1.51039865e-03]
  [ 2.19820451e-03]
  [-6.00516207e-04]
  [ 1.42979907e-03]
  [ 1.53676070e-03]
  [ 4.92106994e-03]
  [ 2.72471512e-03]
  [ 2.85900138e-03]
  [ 9.41853915e-03]
  [ 6.20648689e+00]
  [ 3.03849513e-01]
  [ 3.45058916e-03]
  [ 5.16705788e-03]
  [ 1.32783324e-03]
  [-5.33471540e-03]
  [-9.69443627e-03]
  [-9.41867422e-03]
  [-9.82565769e-03]
  [-6.13157220e-03]
  [-6.92534803e-03]
  [-7.35529510e-03]
  [-1.02431374e-02]
  [-7.40155480e-03]
  [-1.14032779e-02]
  [-2.37251921e+00]
  [-1.51912602e-02]
  [-9.80290245e-03]
  [-5.83031845e-03]
  [-7.26842011e-04]
  [-1.18780324e-03]
  [-2.37328696e-03]
  [-5.41143194e-03]
  [-1.10374780e-02]
  [-1.34902496e-02]
  [-9.47004924e-03]
  [-3.00199307e-03]
  [-4.55921138e-04]
  [ 3.37977272e-04]]

 [[-8.24571219e-02]
  [ 5.46555762e-01]
  [ 2.00953863e-01]
  [ 1.74862411e-01]
  [-2.46064061e-01]
  [ 5.80883051e-01]
  [-2.72711829e-01]
  [-5.56439639e-02]
  [ 6.89249061e-01]
  [-1.86576991e-01]
  [-2.05350098e-02]
  [ 2.22589282e-01]
  [-2.64171239e-01]
  [ 2.74355603e-01]
  [ 2.34549702e-01]
  [-1.96237696e-01]
  [-6.92197008e-02]
  [ 4.35497221e-01]
  [-3.29121012e-01]
  [-6.03591652e-01]
  [ 3.64969304e-01]
  [-3.95034251e-01]
  [ 1.29819904e+00]
  [ 2.94085641e-01]
  [ 1.00046287e+00]
  [-7.03677757e-01]
  [-3.96715046e-01]
  [ 1.83652894e-01]
  [-7.17162018e-01]
  [ 4.77692075e-01]
  [-3.24676583e-02]
  [-4.29505602e-01]
  [-5.66339331e-02]
  [-5.97123711e-01]
  [-5.40345922e-01]
  [-6.15821866e-01]
  [-2.63247302e-02]
  [-2.55098863e-01]
  [ 5.60547587e-02]
  [ 8.11435055e-02]
  [-2.34455807e-01]
  [-3.97092229e-01]
  [-1.01509922e-01]
  [ 1.22368339e-01]
  [-1.18946643e-01]
  [-1.29404326e-01]
  [ 1.77727739e-01]
  [ 9.93956132e-04]
  [ 1.99060270e-01]]

 [[-3.24780303e-02]
  [ 1.78071111e-02]
  [-1.96840695e-01]
  [ 5.21386847e-01]
  [ 4.30830308e-01]
  [-2.90715989e-02]
  [ 1.02693698e-01]
  [ 3.48393809e-01]
  [ 6.46253544e-01]
  [-1.41109265e-01]
  [ 4.62887212e-01]
  [-3.56261231e-01]
  [-2.75284524e-01]
  [-2.03429177e-01]
  [-2.64805064e-01]
  [-7.69069267e-01]
  [ 2.48332936e-01]
  [-4.04581298e-01]
  [ 2.63507969e-01]
  [-3.35973842e-02]
  [ 6.51537409e-02]
  [-5.13444050e-01]
  [ 1.21738227e-01]
  [-1.75449768e-01]
  [ 6.11470290e-01]
  [ 8.42727862e-02]
  [ 3.36770160e-01]
  [-1.54745113e-03]
  [-2.39310556e-01]
  [-1.52412878e-01]
  [-6.15540177e-01]
  [-1.09253325e-01]
  [-3.76952825e-02]
  [ 5.75733728e-01]
  [ 3.81747457e-01]
  [-9.22532970e-01]
  [-2.86769119e-01]
  [ 8.45009728e-01]
  [-2.87871033e-01]
  [ 5.83323740e-01]
  [-1.83425268e-01]
  [-1.20137994e-01]
  [ 1.71486700e-01]
  [ 4.78150735e-01]
  [ 4.92389735e-01]
  [ 1.15127168e+00]
  [ 2.58895784e-01]
  [ 2.44538182e-01]
  [-3.57248109e-02]]

 [[ 5.59023591e-01]
  [ 6.77432953e-02]
  [-4.84760245e-01]
  [ 6.10271664e-01]
  [ 3.18323640e-01]
  [ 8.79631630e-02]
  [-9.59067557e-02]
  [ 4.62486828e-01]
  [-1.78917791e-01]
  [ 2.86528024e-01]
  [ 5.33183656e-01]
  [-1.72890900e-02]
  [ 3.26858181e-01]
  [ 1.65573440e-01]
  [-3.44470275e-01]
  [ 6.53816163e-02]
  [ 1.46832460e-01]
  [ 5.85502272e-02]
  [-3.83564546e-01]
  [-3.08599371e-01]
  [-1.64041500e-01]
  [ 3.94801785e-01]
  [ 2.92913303e-01]
  [-6.99285092e-02]
  [-2.44997078e-01]
  [ 2.30433969e-01]
  [ 4.06680808e-01]
  [ 6.83020996e-02]
  [-7.75107487e-01]
  [-4.48567354e-01]
  [-5.07318593e-01]
  [ 8.92925286e-01]
  [ 5.25845506e-01]
  [ 4.04866458e-01]
  [ 9.29263325e-02]
  [-3.19676398e-01]
  [ 7.65595372e-01]
  [ 2.62691925e-01]
  [ 6.48528620e-01]
  [ 8.31104531e-01]
  [-1.14339814e-01]
  [-1.48506602e-01]
  [ 1.33804997e-01]
  [-1.48325811e-01]
  [-2.53571282e-02]
  [-1.42227601e-01]
  [ 1.13919796e-01]
  [ 2.82328982e-01]
  [-2.23751112e-01]]

 [[-1.50907294e-01]
  [-3.08880549e-02]
  [-3.68816286e-01]
  [-3.55205191e-01]
  [ 6.73069432e-01]
  [-1.03566224e-01]
  [ 2.82003627e-04]
  [-3.68683035e-01]
  [-4.84978702e-01]
  [-3.87324919e-02]
  [-1.51258387e-01]
  [ 1.52631195e-01]
  [-7.41408526e-02]
  [-3.26324816e-02]
  [-1.63387807e-01]
  [ 2.91619389e-01]
  [ 8.62399111e-01]
  [-1.36620915e-02]
  [ 3.23846630e-01]
  [-3.04908385e-01]
  [ 3.17529373e-01]
  [-2.88875508e-02]
  [ 2.71575992e-01]
  [-4.51679155e-01]
  [ 4.96077167e-01]
  [ 4.12372530e-01]
  [-8.75233025e-01]
  [-1.64621344e-01]
  [ 1.04120865e-01]
  [ 1.79326284e-01]
  [-4.93520514e-01]
  [ 8.08656128e-01]
  [-2.53492749e-01]
  [-1.89146382e-01]
  [-6.75912800e-02]
  [-6.56986570e-02]
  [ 5.89751170e-01]
  [ 7.18545592e-02]
  [ 5.52450538e-02]
  [ 2.37848601e-02]
  [-1.14283050e-01]
  [ 8.10096179e-02]
  [-4.75886774e-02]
  [-3.80898851e-01]
  [ 3.60863565e-02]
  [ 2.57366510e-01]
  [ 1.90769267e-01]
  [-1.64945877e-01]
  [ 3.49649004e-01]]

 [[ 5.31177909e-01]
  [ 8.28866970e-03]
  [ 6.80426845e-03]
  [ 3.70511663e-03]
  [ 6.64296004e-03]
  [ 1.39054064e-02]
  [ 1.05834320e-02]
  [ 2.90121570e-03]
  [ 2.11602170e-04]
  [ 4.67040511e-03]
  [ 8.73670831e-03]
  [ 1.41383517e-02]
  [ 1.12059694e-02]
  [ 7.91339834e-03]
  [ 3.08716346e-03]
  [ 4.24201191e-03]
  [ 1.80864892e-03]
  [-9.55380539e-01]
  [-2.14831128e-03]
  [ 1.85011064e-03]
  [ 2.02247129e-04]
  [ 7.78446354e-03]
  [ 1.11282383e-02]
  [ 9.31921825e-03]
  [ 9.83513543e-03]
  [ 6.65049229e-03]
  [ 6.97742406e-03]
  [ 2.01573171e-03]
  [-2.53113404e-03]
  [ 4.89052542e-04]
  [-5.42201178e-03]
  [-5.18037891e-03]
  [ 3.81592727e-03]
  [ 3.17642780e-03]
  [ 1.49621890e-03]
  [ 2.10176436e+00]
  [ 2.48546899e-01]
  [-1.17604541e+00]
  [-1.84323907e+00]
  [ 1.85316097e-03]
  [-6.34889308e-03]
  [-8.97903330e-01]
  [-1.32893215e-02]
  [-1.31289849e-02]
  [-3.58072730e+00]
  [ 1.85853605e+00]
  [-1.12278387e+00]
  [-4.48191856e-03]
  [ 3.33823253e+00]]

 [[-4.67402119e-01]
  [ 5.60933138e-01]
  [-6.27617649e-01]
  [-3.31788770e-01]
  [ 3.09982986e-01]
  [ 1.02283301e-01]
  [ 6.44749075e-02]
  [ 1.05648447e+00]
  [ 1.78958630e-01]
  [-1.02990824e-01]
  [ 3.22603856e-01]
  [-6.89728256e-01]
  [ 6.56956832e-01]
  [-4.90745199e-01]
  [ 6.15366204e-01]
  [-9.76616402e-02]
  [-2.74146246e-02]
  [-1.22192267e+00]
  [ 1.11040775e+00]
  [-5.94123572e-01]
  [-2.71499114e-01]
  [ 3.16660594e-01]
  [-3.18243843e-01]
  [ 9.69310424e-02]
  [-3.75906127e-01]
  [ 3.25098164e-01]
  [-1.39453738e+00]
  [-2.62997450e-01]
  [ 2.00686558e-01]
  [-2.29467604e-01]
  [ 4.79954268e-01]
  [-4.26789559e-01]
  [ 4.17542794e-01]
  [-1.35973580e-01]
  [ 3.04199392e-01]
  [-3.97998045e-01]
  [-2.87651361e-01]
  [ 4.01338849e-01]
  [-3.74305839e-01]
  [ 6.42847384e-01]
  [ 2.32269869e-01]
  [-3.25051294e-02]
  [-9.29435217e-01]
  [ 8.10531739e-01]
  [-7.36537468e-02]
  [ 5.38414696e-01]
  [ 1.81078338e-01]
  [-3.36540157e-01]
  [ 2.11794322e-01]]

 [[ 6.35207767e-01]
  [-2.25452695e-01]
  [-3.95989482e-01]
  [-4.93897931e-01]
  [ 1.30044881e-01]
  [-2.55626261e-01]
  [-8.73219224e-01]
  [ 4.98663684e-01]
  [ 1.51886281e-01]
  [ 1.60755516e-01]
  [-4.24965824e-01]
  [ 1.40439529e-01]
  [-1.83938666e-01]
  [ 5.76174640e-01]
  [ 1.54952176e-02]
  [-2.96198928e-01]
  [ 2.16296946e-01]
  [ 2.64771276e-01]
  [-5.50059625e-02]
  [-3.47970838e-01]
  [-8.96185755e-02]
  [-5.03780039e-01]
  [-1.78654314e-01]
  [-1.28495112e-01]
  [ 2.83197218e-01]
  [-3.79169058e-01]
  [-4.82789087e-05]
  [-3.46444445e-02]
  [-4.93039437e-01]
  [-4.13260270e-01]
  [-2.44624256e-01]
  [ 3.67995280e-01]
  [-4.08831090e-01]
  [-8.89305617e-02]
  [ 2.43297495e-01]
  [-2.69104194e-01]
  [ 2.52932286e-01]
  [-9.03986132e-01]
  [ 1.31488047e-01]
  [-1.13153654e+00]
  [ 3.95706374e-01]
  [ 4.27776594e-01]
  [-1.30910074e-01]
  [ 4.23355271e-01]
  [-1.47322654e-01]
  [-1.47230361e-01]
  [-3.03138178e-02]
  [ 4.04027434e-01]
  [-5.64314377e-01]]

 [[ 5.55425375e-01]
  [ 1.08439476e-01]
  [-4.20373400e-01]
  [ 2.24922998e-01]
  [ 1.05916876e-01]
  [-1.05933772e-01]
  [-1.98049895e-01]
  [-5.99499373e-03]
  [ 1.57126099e-02]
  [ 1.08486092e-01]
  [-2.99246945e-01]
  [ 3.72780053e-01]
  [-1.43571498e-01]
  [ 2.12011379e-01]
  [ 2.38625205e-01]
  [ 3.26157913e-01]
  [ 2.57857736e-02]
  [ 5.36973032e-01]
  [ 6.31696221e-01]
  [ 4.19709819e-01]
  [ 2.07733964e-02]
  [ 6.82843197e-02]
  [ 3.30190635e-01]
  [-1.04443235e-01]
  [ 1.76479105e-01]
  [-1.87367363e-01]
  [-1.83428467e-01]
  [ 4.37800430e-01]
  [ 7.01560541e-02]
  [-3.12395131e-01]
  [ 8.66427085e-02]
  [-3.30152650e-01]
  [-9.84071135e-02]
  [-4.90160043e-01]
  [-3.05969703e-01]
  [ 3.06340198e-01]
  [ 1.74123161e-01]
  [-2.94976005e-01]
  [ 4.52975764e-01]
  [-5.06625097e-02]
  [-2.02862406e-01]
  [-2.38145613e-01]
  [ 4.40883364e-01]
  [ 5.20696562e-01]
  [ 6.86124282e-01]
  [ 7.90934362e-01]
  [ 3.30856047e-01]
  [-1.96029224e-02]
  [ 6.95967177e-01]]

 [[ 1.15903279e+00]
  [ 5.50144715e-03]
  [-4.22873138e-03]
  [ 5.00600753e-03]
  [-2.02349634e-03]
  [ 2.04607349e-03]
  [-7.06942853e-04]
  [-5.15326823e-03]
  [ 2.47956183e-03]
  [ 3.30066067e-03]
  [ 5.39109627e-03]
  [ 6.44577536e-04]
  [-4.70310044e-03]
  [-1.20153268e-03]
  [ 1.53338442e-03]
  [ 8.31124678e-03]
  [ 6.95204837e-03]
  [ 5.27375071e-03]
  [ 7.85053416e-04]
  [ 5.67414370e-03]
  [ 1.19168010e-02]
  [ 1.34445758e-02]
  [ 1.45419728e-02]
  [ 1.36877730e-02]
  [-9.53425586e-01]
  [ 8.02051372e-03]
  [ 9.40843676e-03]
  [ 5.61967979e-03]
  [ 4.33727903e-03]
  [ 5.60935020e-03]
  [ 1.30243668e-02]
  [ 1.09722020e-02]
  [ 6.49574996e-03]
  [ 3.77954494e-03]
  [ 9.42019068e-04]
  [-2.81128704e-03]
  [-3.27496160e-03]
  [-3.27698838e-03]
  [ 1.82473687e-03]
  [ 6.16216289e-03]
  [ 2.82419121e-03]
  [ 1.47239054e-03]
  [-5.47060951e-04]
  [-7.62985557e-03]
  [-1.04707655e-02]
  [-4.53833804e-03]
  [-5.37422069e-03]
  [ 2.14427259e-03]
  [-2.58498143e-03]]

 [[-5.50288744e-01]
  [ 4.37826136e-02]
  [-6.48494888e-01]
  [-1.12530469e-01]
  [-1.41987165e-01]
  [-1.65354632e-01]
  [ 3.64715094e-01]
  [ 1.17358484e-01]
  [-9.23131337e-01]
  [ 1.47773546e-02]
  [-2.26260262e-01]
  [ 7.35579776e-02]
  [-1.16519990e-01]
  [-4.80657463e-01]
  [ 4.44769965e-02]
  [ 1.51620310e-01]
  [ 1.03197656e-01]
  [ 1.32521008e-01]
  [ 3.55788151e-01]
  [-2.52602270e-01]
  [ 4.26631306e-01]
  [-2.43232551e-01]
  [-6.03092065e-02]
  [ 9.15077107e-01]
  [-8.15504348e-02]
  [-5.91482113e-01]
  [-6.13833469e-02]
  [-1.13052372e-01]
  [-1.95179343e-01]
  [-8.11899135e-03]
  [-4.88811615e-02]
  [-1.41124320e-01]
  [ 2.26750987e-01]
  [-5.90170780e-02]
  [-3.29049250e-01]
  [ 3.70535379e-01]
  [-6.65418411e-01]
  [ 4.73523333e-01]
  [ 1.54785705e-01]
  [-4.53875569e-01]
  [ 1.88950689e-02]
  [-1.95709438e-01]
  [ 9.90450666e-01]
  [ 1.85192934e-01]
  [ 2.18204088e-01]
  [-4.36143182e-01]
  [ 1.01392845e-01]
  [-2.06209206e-02]
  [-3.60486701e-01]]

 [[ 4.66299179e-01]
  [ 1.98868943e-01]
  [ 5.77410550e-01]
  [-3.05030415e-01]
  [-9.70962602e-02]
  [ 3.19751702e-01]
  [ 2.27535558e-01]
  [ 7.07529454e-02]
  [ 2.34602315e-01]
  [-2.21421755e-01]
  [ 8.77536289e-02]
  [ 1.60358934e-01]
  [ 4.48558387e-01]
  [-1.04004858e-01]
  [ 1.58041671e-01]
  [ 2.47294731e-01]
  [-5.66855737e-02]
  [-2.96621961e-01]
  [ 3.68937444e-01]
  [ 4.53685203e-01]
  [-2.85755262e-01]
  [ 2.01940086e-01]
  [-1.96736116e-01]
  [-1.88918001e-01]
  [ 3.63787903e-01]
  [-9.88135338e-02]
  [ 5.74541512e-01]
  [ 4.69598426e-02]
  [ 1.43939427e-01]
  [ 1.80894651e-01]
  [-8.93310766e-02]
  [ 4.47981488e-01]
  [ 2.91266178e-01]
  [ 8.86675398e-01]
  [-5.05557675e-01]
  [ 1.86276622e-01]
  [ 1.26050802e-01]
  [-4.04301852e-01]
  [ 5.21922949e-01]
  [ 2.36453232e-01]
  [-6.20286023e-02]
  [ 8.57064261e-02]
  [-2.06660015e-01]
  [ 6.18208825e-01]
  [-1.98004014e-01]
  [-4.57760291e-01]
  [ 5.70248204e-02]
  [-6.79123741e-01]
  [ 2.03728601e-01]]

 [[-1.18823792e-01]
  [ 5.67163131e-01]
  [ 8.82716286e-01]
  [-1.51992855e-01]
  [ 3.65635195e-01]
  [-1.03909483e+00]
  [ 5.11347130e-01]
  [ 1.36169179e-01]
  [ 2.42099147e-01]
  [ 2.82517896e-01]
  [ 2.57017688e-01]
  [ 3.65642948e-01]
  [-5.33394091e-01]
  [-6.90186033e-01]
  [ 4.52851994e-01]
  [-9.24359013e-02]
  [-3.11736394e-01]
  [-3.56592407e-01]
  [-2.34267949e-01]
  [ 2.84906414e-01]
  [-9.77548310e-01]
  [-4.99863135e-01]
  [ 1.95285802e-01]
  [ 9.75944896e-01]
  [-1.09837405e+00]
  [ 6.12977467e-01]
  [-1.11136527e-01]
  [ 2.56404353e-01]
  [-5.55763008e-01]
  [ 1.06587653e+00]
  [-8.67670116e-01]
  [ 2.86407639e-01]
  [ 1.12516154e+00]
  [-3.87406024e-01]
  [ 2.34059885e-01]
  [ 2.45610107e-01]
  [-7.72594231e-01]
  [-2.81878147e-01]
  [ 3.70984243e-01]
  [-6.82812656e-01]
  [ 1.12364574e+00]
  [-7.34211256e-01]
  [ 5.83530130e-01]
  [-8.32126968e-01]
  [ 7.51916904e-01]
  [-8.53565369e-01]
  [ 3.78854985e-01]
  [ 5.28338403e-02]
  [-2.40417668e-01]]

 [[ 3.38965378e-01]
  [ 3.87899470e+00]
  [-1.25259261e+00]
  [ 1.23101051e+00]
  [ 1.29539857e+00]
  [ 1.37737909e+00]
  [ 6.43663678e-01]
  [-3.04116646e+00]
  [ 7.56176604e-02]
  [ 1.04638765e-02]
  [ 1.21444654e+00]
  [-3.51798630e+00]
  [ 5.44689593e-03]
  [-1.23892799e+00]
  [ 2.16826847e+00]
  [-6.48468108e-01]
  [-2.11397107e+00]
  [-1.38964478e+00]
  [ 8.79145162e-04]
  [ 4.70124322e-03]
  [ 8.29108858e-01]
  [-1.44345842e-01]
  [-5.79826482e-01]
  [-1.27350669e-01]
  [ 6.52407985e-03]
  [ 2.17707873e+00]
  [ 1.39769749e+00]
  [-9.32417410e-01]
  [ 5.32339840e-03]
  [-8.60883104e-01]
  [-2.42660839e+00]
  [ 1.95832407e+00]
  [ 1.14898105e-02]
  [ 1.29331408e-02]
  [ 1.52347276e-02]
  [ 1.21064937e-02]
  [ 1.61147904e+00]
  [ 8.28931264e-03]
  [ 6.01483176e-03]
  [ 5.43330023e-03]
  [ 1.98832818e+00]
  [ 1.56181948e-01]
  [ 1.18317523e-02]
  [ 9.01656008e-03]
  [ 5.66761888e-01]
  [ 1.19421666e-02]
  [ 7.99632467e-03]
  [ 1.03994247e-02]
  [ 1.81049186e+00]]

 [[ 1.52919438e+00]
  [ 4.68230869e-01]
  [ 2.36147575e+00]
  [ 1.03669642e-01]
  [-2.03558002e+00]
  [ 2.16756651e-03]
  [ 2.40650929e-03]
  [ 1.03383572e+00]
  [ 6.14992003e-03]
  [ 5.69470378e-03]
  [-3.05131629e+00]
  [-6.34698788e-01]
  [ 1.03161946e+00]
  [-1.45707418e+00]
  [-1.07926032e+00]
  [-3.25434476e+00]
  [-1.35253734e-03]
  [-3.27960032e-04]
  [-1.44363288e+00]
  [-3.28844923e-03]
  [-8.91439642e-03]
  [ 2.14146705e+00]
  [-2.69842529e-03]
  [-1.26723080e-03]
  [-2.56927983e-03]
  [ 3.41405059e-03]
  [ 1.83687024e-03]
  [ 4.01319462e-03]
  [ 3.86471999e-03]
  [ 5.40074631e-03]
  [ 8.23553521e-01]
  [-1.12286812e-03]
  [-2.18414684e-03]
  [-1.38106103e-03]
  [-5.72418292e-03]
  [-6.64240510e-03]
  [-9.53828772e-04]
  [-7.44287677e-04]
  [-6.16951846e-03]
  [-4.63474502e-03]
  [ 4.44001226e-04]
  [ 1.54364027e+00]
  [ 4.60992885e-03]
  [-3.17070838e-03]
  [-8.82471185e-03]
  [-4.33014702e-01]
  [ 9.33137037e-01]
  [ 9.99627668e-01]
  [ 3.04518011e+00]]

 [[ 1.14892666e-03]
  [ 1.61286274e-01]
  [ 4.34132045e-01]
  [-1.90927228e-01]
  [ 1.37118037e-01]
  [ 9.03588694e-02]
  [-6.95208286e-01]
  [-2.11737702e-01]
  [ 2.44876476e-01]
  [-2.68225198e-01]
  [-7.98815278e-02]
  [-5.48946941e-01]
  [ 1.27089029e-01]
  [-7.22673233e-02]
  [-1.03633005e-01]
  [-4.30576156e-01]
  [ 1.33347757e-02]
  [ 3.84552470e-01]
  [-5.44703974e-02]
  [ 2.69256235e-01]
  [-2.45884983e-01]
  [ 7.75779718e-02]
  [-1.43975487e-01]
  [ 3.98150364e-01]
  [-5.63820969e-01]
  [-1.69898887e-01]
  [-5.24643115e-01]
  [ 4.47312985e-02]
  [ 4.99219982e-01]
  [-7.87363114e-01]
  [ 3.38304872e-02]
  [-4.21767276e-01]
  [ 3.71297792e-01]
  [ 4.69647917e-02]
  [ 1.93017093e-01]
  [ 1.46851908e-01]
  [ 4.08790291e-01]
  [ 1.44600714e-01]
  [ 2.30200192e-01]
  [ 3.08021987e-02]
  [ 1.68508519e-01]
  [-3.31024541e-01]
  [-1.29076065e-02]
  [-1.12814193e-01]
  [-5.17181143e-01]
  [-1.40470959e-01]
  [ 5.48373057e-02]
  [-5.71679309e-02]
  [ 4.57811703e-01]]

 [[ 1.00000000e-02]
  [ 5.17843152e-03]
  [ 6.60839985e-01]
  [-6.57140334e-01]
  [-2.71957748e+00]
  [ 8.40400909e-01]
  [-8.89242087e-01]
  [ 2.70445158e-03]
  [ 8.20744967e-01]
  [-3.09241464e-03]
  [-5.77749554e-03]
  [-8.97014431e-03]
  [-5.07141968e-03]
  [-2.97512618e-03]
  [-2.47445468e+00]
  [ 1.11358427e-04]
  [-1.65964094e-03]
  [-4.24578551e-03]
  [-9.12791455e-03]
  [ 3.40962831e-01]
  [ 1.16775474e+00]
  [-1.80197258e-03]
  [ 1.43396529e-03]
  [ 9.92521365e-01]
  [ 6.51648801e-03]
  [ 9.31099055e-03]
  [ 7.10064340e-03]
  [ 2.98841988e-02]
  [-9.59317151e-03]
  [-6.93102401e-03]
  [-7.79312900e-03]
  [ 7.07170893e-01]
  [-7.36968841e-03]
  [-8.91187325e-01]
  [ 4.23894149e+00]
  [-3.14642147e-02]
  [-6.67976950e-03]
  [-7.44364845e-03]
  [-4.58974201e-01]
  [-1.62483274e+00]
  [ 6.62899452e-01]
  [-2.38904444e+00]
  [-8.32872981e-03]
  [-7.77473731e-01]
  [ 1.18557155e+00]
  [ 2.06738889e+00]
  [-7.75120693e-03]
  [ 3.02896788e-01]
  [-7.61790625e-03]]

 [[-5.63524227e-01]
  [-9.16285895e-01]
  [ 1.14318143e-02]
  [ 1.48658313e+00]
  [-1.05034182e+00]
  [-4.46806282e-01]
  [-2.25080301e+00]
  [ 2.37699494e-01]
  [ 5.66834233e-01]
  [ 5.70027643e-02]
  [-3.08685392e-01]
  [-1.66801719e-03]
  [ 4.23216699e-03]
  [ 9.94132958e-03]
  [ 1.01202048e-02]
  [ 1.02096898e-02]
  [ 9.39512970e-03]
  [ 8.45560053e-03]
  [ 3.90203001e-03]
  [ 2.77142280e-03]
  [ 3.19815788e-03]
  [ 4.45093680e-03]
  [ 3.09517999e-03]
  [ 8.41164946e-03]
  [ 1.30438816e-02]
  [ 9.27198747e-03]
  [ 1.11345579e-02]
  [ 6.81102108e-01]
  [ 7.94145320e-03]
  [ 3.32864092e-03]
  [ 9.15467521e-03]
  [ 5.00582748e-03]
  [ 3.58577293e-03]
  [ 7.06432995e-04]
  [-3.35750784e-03]
  [-1.93646339e-03]
  [ 3.74775889e-03]
  [ 4.20680221e-03]
  [ 1.07961884e-02]
  [ 5.86170783e-03]
  [ 5.68348487e-03]
  [ 5.17324617e-03]
  [-2.94707393e-04]
  [-6.31930157e-04]
  [-4.86790541e-03]
  [-7.77775441e-01]
  [-4.48348111e+00]
  [-2.93306713e+00]
  [-2.57798396e+00]]

 [[ 4.24719761e-02]
  [-7.17201096e-03]
  [-5.70983438e-01]
  [-2.18191306e-01]
  [-1.66676836e-01]
  [ 2.49182338e-02]
  [-6.24215319e-02]
  [-1.28619620e-01]
  [ 3.80208905e-01]
  [ 2.04541367e-01]
  [ 2.52839099e-01]
  [ 2.55438355e-01]
  [ 1.56559357e-01]
  [-4.33802546e-01]
  [-5.38034241e-01]
  [ 6.77433491e-02]
  [ 3.98726410e-01]
  [ 3.98391274e-01]
  [ 2.29215291e-01]
  [ 5.49925805e-02]
  [ 8.54665740e-01]
  [-2.56735227e-01]
  [ 6.76872786e-01]
  [ 7.08134389e-01]
  [-5.00741211e-02]
  [-4.11387757e-01]
  [ 3.44602221e-01]
  [-1.55246301e-02]
  [-5.04550549e-02]
  [ 3.88777787e-01]
  [-1.69287196e-01]
  [ 4.92060822e-01]
  [ 2.07033469e-02]
  [ 4.00843598e-01]
  [-6.42544672e-01]
  [-4.27580173e-01]
  [ 2.25021888e-01]
  [-3.70202305e-01]
  [-2.98340037e-02]
  [ 6.00257356e-01]
  [ 2.19448629e-01]
  [-7.58140285e-02]
  [ 5.59387516e-01]
  [-3.41976203e-01]
  [-1.26470456e-01]
  [ 4.85537721e-01]
  [-3.03836399e-01]
  [-3.26874968e-01]
  [-3.18906776e-01]]

 [[ 1.06051649e+00]
  [-5.09393843e-01]
  [ 9.02890762e-01]
  [ 1.13284410e-01]
  [-3.45969140e-01]
  [-3.40380452e-01]
  [-2.38428332e-02]
  [ 1.16326025e-01]
  [-8.03147045e-02]
  [ 1.24308933e+00]
  [ 8.70074784e-03]
  [-2.02318219e-01]
  [-4.04160919e-01]
  [ 5.55817329e-01]
  [-3.14418105e-01]
  [-6.78425894e-01]
  [-4.08588537e-01]
  [ 7.04552079e-01]
  [ 4.31334342e-01]
  [-7.29079450e-01]
  [-6.98369451e-01]
  [-1.30314597e-01]
  [ 9.37082668e-01]
  [ 6.88091046e-01]
  [-6.03779264e-01]
  [ 2.51805548e-01]
  [ 4.65924258e-01]
  [ 2.47793170e-01]
  [ 4.23569853e-01]
  [-1.09003585e+00]
  [ 1.65452168e-01]
  [ 3.71864761e-01]
  [-6.94743631e-01]
  [ 1.13181631e+00]
  [-1.49462300e+00]
  [ 6.41362366e-01]
  [-1.74092814e-01]
  [-3.68536389e-01]
  [-1.70789545e-01]
  [-3.07364453e-01]
  [-4.28898717e-01]
  [ 4.21648276e-01]
  [ 7.61220024e-01]
  [ 6.53636523e-01]
  [ 1.86748385e-01]
  [-2.77369790e-01]
  [ 4.77597915e-01]
  [-4.11523407e-01]
  [-5.23337050e-01]]

 [[ 4.10473069e-02]
  [-3.92336531e-01]
  [-4.46099882e-01]
  [-1.19154089e-01]
  [-4.85460861e-02]
  [-9.63984895e-02]
  [ 3.98517951e-01]
  [-4.60474270e-01]
  [-2.52454337e-01]
  [ 2.94284577e-01]
  [ 5.22030320e-02]
  [ 1.50577918e-01]
  [-6.29426474e-01]
  [-7.67475084e-01]
  [-5.64351157e-01]
  [ 4.58884731e-01]
  [ 2.43923617e-01]
  [ 5.26938377e-01]
  [ 3.09736003e-01]
  [-2.60076643e-01]
  [-1.28388702e-02]
  [ 3.67532501e-01]
  [-8.59765086e-01]
  [ 4.94307977e-01]
  [-2.01723225e-01]
  [ 8.01011299e-01]
  [ 6.79718445e-01]
  [ 7.20318149e-02]
  [-1.24550623e-01]
  [ 2.43303130e-01]
  [ 1.28242095e-01]
  [-8.57542534e-02]
  [-4.63447297e-02]
  [-6.04729172e-01]
  [-2.89338563e-01]
  [ 4.14155664e-02]
  [ 3.18851544e-01]
  [ 2.09301324e-01]
  [-2.37856039e-02]
  [-1.48889788e-01]
  [ 3.53634611e-01]
  [ 1.57615937e-02]
  [ 1.00455819e-01]
  [ 8.09866173e-01]
  [ 4.47983589e-01]
  [ 3.36155969e-01]
  [ 2.20198285e-01]
  [-5.21993362e-01]
  [-9.96142970e-02]]

 [[ 2.19250641e-01]
  [-6.64733462e-01]
  [-6.50022688e-01]
  [-2.06562660e-01]
  [-7.53673057e-02]
  [ 8.22341141e-01]
  [ 3.36015920e-01]
  [-4.60394740e-01]
  [ 5.15544856e-02]
  [-7.57584328e-01]
  [ 4.37897248e-01]
  [ 4.38021685e-01]
  [ 4.85716932e-02]
  [-8.64632520e-02]
  [ 2.80760934e-02]
  [-6.82817758e-01]
  [-9.30009269e-02]
  [ 3.74885213e-01]
  [ 5.08982356e-01]
  [ 1.57271899e-01]
  [ 5.02926897e-01]
  [ 3.62154883e-01]
  [ 1.05981329e+00]
  [ 1.21369791e-01]
  [-4.13953358e-03]
  [-3.45149324e-01]
  [-2.85253838e-01]
  [-8.17159544e-02]
  [ 4.71362171e-01]
  [-5.53526848e-01]
  [ 1.38170561e-01]
  [-1.36419138e-01]
  [-2.09306176e-01]
  [-2.37931122e-01]
  [ 7.94205783e-01]
  [ 3.33592771e-01]
  [ 4.23008422e-01]
  [-7.90725788e-01]
  [-3.58900755e-01]
  [ 6.81111339e-02]
  [-8.18385707e-02]
  [-2.24130779e-01]
  [ 4.48197320e-01]
  [-3.89038941e-01]
  [-6.15738343e-01]
  [-3.57732695e-01]
  [ 3.94098109e-02]
  [-5.91676289e-01]
  [-5.38398417e-01]]

 [[-1.10749860e-02]
  [ 8.21119110e-01]
  [ 9.76852367e-02]
  [-3.09698598e-01]
  [ 2.31904326e-01]
  [-3.31362743e-02]
  [ 4.40255900e-01]
  [-3.14726721e-01]
  [-2.12423382e-01]
  [ 2.02313800e-01]
  [ 1.11331891e-01]
  [-1.64286266e-01]
  [ 1.92947593e-01]
  [ 2.49537914e-02]
  [ 4.85502602e-01]
  [ 6.10192932e-01]
  [-5.89222201e-01]
  [ 1.79276195e-01]
  [ 5.50357185e-02]
  [-1.01074413e-02]
  [-8.14306328e-02]
  [-1.00700690e-02]
  [ 6.14101062e-01]
  [-1.80414192e-01]
  [ 3.23620619e-01]
  [-2.68873891e-01]
  [ 5.58215261e-01]
  [ 2.00595503e-01]
  [-1.30985053e-01]
  [-9.46369796e-01]
  [ 1.26251050e-01]
  [-2.03939893e-01]
  [ 4.47515513e-02]
  [ 5.93376517e-01]
  [ 2.47261326e-01]
  [-5.88291489e-02]
  [-9.18574380e-02]
  [-1.09112809e-01]
  [ 2.84517564e-02]
  [ 9.54309991e-02]
  [-1.59787037e-01]
  [ 6.52426104e-01]
  [-1.38707248e-01]
  [-3.76753288e-01]
  [-2.50204310e-01]
  [ 3.41369721e-01]
  [ 4.14963364e-02]
  [ 1.46158932e-01]
  [ 1.14719705e-01]]

 [[ 1.91504723e-01]
  [-1.11583281e+00]
  [-7.82687552e+00]
  [ 2.92021971e-03]
  [ 1.71374183e+00]
  [ 1.23359118e-04]
  [-1.06083270e+00]
  [ 2.68618763e+00]
  [ 7.89442219e-04]
  [ 5.94092554e-04]
  [-1.06028617e-02]
  [-7.89034351e-03]
  [-9.12614252e-03]
  [-7.41854084e-03]
  [ 8.80986666e-04]
  [ 1.50280337e-03]
  [ 3.56798219e-03]
  [ 3.98932463e-04]
  [ 4.83722675e-03]
  [ 2.51717896e-03]
  [ 5.12505754e-03]
  [ 7.44287278e-03]
  [ 6.83762945e-03]
  [ 7.79859667e-03]
  [ 7.82379244e-03]
  [ 9.21934539e-03]
  [ 5.50085262e-03]
  [-1.17725463e+00]
  [ 1.03571650e-02]
  [ 1.74151715e-02]
  [ 1.74729778e-02]
  [ 2.65566725e-02]
  [ 2.23606883e-02]
  [ 2.21031491e-02]
  [ 1.89155332e-02]
  [ 2.47790387e-02]
  [ 2.37683176e-02]
  [ 1.58464741e-02]
  [ 1.41985818e-02]
  [ 4.86861101e-04]
  [ 3.29494129e-03]
  [-1.95507904e-03]
  [-9.81308405e-03]
  [-7.14882391e-03]
  [-3.86165965e-03]
  [ 4.56541095e-04]
  [-2.14009896e-04]
  [ 1.52990392e+00]
  [-2.22141664e+00]]

 [[ 4.93149232e-01]
  [ 4.51476507e-01]
  [ 5.24985278e-01]
  [ 3.10079295e-01]
  [-1.70777740e-01]
  [ 3.54002422e-01]
  [ 1.31059867e-01]
  [ 5.71867785e-01]
  [ 5.74721983e-01]
  [-2.89567218e-01]
  [ 3.69267610e-01]
  [-4.91247492e-01]
  [ 3.59972049e-01]
  [ 8.69360139e-02]
  [ 3.57148957e-02]
  [-3.05748802e-01]
  [ 1.08201068e-01]
  [-2.53962893e-02]
  [-5.07938780e-01]
  [-4.07967961e-01]
  [-5.04636308e-02]
  [ 3.81167757e-01]
  [ 2.24969251e-01]
  [-2.23616784e-02]
  [-5.00639908e-01]
  [-2.35932486e-01]
  [-8.68427908e-02]
  [-6.09625913e-01]
  [ 1.12352766e-01]
  [ 6.24166304e-01]
  [-4.27260517e-01]
  [ 2.37478813e-01]
  [-5.21738982e-01]
  [ 2.64582764e-01]
  [ 2.56248759e-01]
  [-1.90318694e-01]
  [ 4.28485601e-01]
  [-2.22690220e-01]
  [ 4.50881443e-01]
  [ 2.83861532e-01]
  [-6.64092593e-01]
  [-6.35043793e-01]
  [-1.69488378e-01]
  [-6.16914681e-01]
  [ 4.04239111e-02]
  [ 1.98809395e-01]
  [-1.38705318e-02]
  [ 4.20176760e-01]
  [ 1.20165827e-01]]

 [[ 4.74028777e-02]
  [ 1.14032593e-01]
  [-3.94285327e-01]
  [ 4.97455658e-02]
  [-2.00520484e-01]
  [-6.45710873e-01]
  [-1.22168917e-01]
  [-1.48283223e-01]
  [-9.46016691e-01]
  [ 2.07922870e-02]
  [-3.25560989e-02]
  [ 1.79978870e-01]
  [ 9.09309092e-02]
  [ 2.95389059e-02]
  [-8.64499443e-01]
  [ 6.59385941e-01]
  [-2.00962565e-01]
  [ 1.49835902e-01]
  [ 2.44240197e-01]
  [ 9.57633128e-02]
  [-5.98473180e-01]
  [ 8.16004669e-01]
  [ 3.24248282e-01]
  [ 7.31218386e-02]
  [-2.26657415e-01]
  [-3.16421601e-01]
  [ 4.82526214e-02]
  [-5.71900994e-01]
  [-6.37165412e-01]
  [-5.78698281e-01]
  [-9.96429532e-02]
  [ 2.25432706e-01]
  [-2.10767466e-02]
  [-3.04992566e-01]
  [ 6.20182103e-03]
  [-1.09625814e+00]
  [ 2.18600542e-01]
  [-1.68380865e-01]
  [ 5.01235229e-01]
  [ 2.70737212e-01]
  [ 2.37044706e-02]
  [ 1.13246073e-02]
  [-7.23466547e-01]
  [-1.86943172e-02]
  [-1.28351153e-01]
  [-6.28275718e-01]
  [-5.66481717e-01]
  [-2.09578441e-01]
  [ 4.81444526e-01]]

 [[-6.74949373e-01]
  [ 6.20900806e-01]
  [ 9.48184796e-01]
  [ 1.76104053e-01]
  [-4.38863288e-02]
  [-7.69908743e-01]
  [ 3.17941503e-01]
  [ 2.68019800e-02]
  [ 1.15043845e-01]
  [-2.44516223e-01]
  [ 6.10901907e-01]
  [ 4.95672775e-01]
  [-1.01381942e-01]
  [ 2.21733434e-01]
  [ 5.33538919e-01]
  [-9.88112336e-01]
  [ 2.32326370e-01]
  [-1.07583775e+00]
  [-7.22762990e-01]
  [-9.50528354e-01]
  [ 5.95112336e-01]
  [-8.54275254e-01]
  [ 3.41229236e-01]
  [-1.28720620e-01]
  [-3.15456339e-01]
  [-6.65635814e-01]
  [ 9.55018166e-01]
  [ 6.30949995e-01]
  [ 3.10151235e-01]
  [ 1.60372131e-01]
  [ 2.63869895e-01]
  [-5.67646142e-01]
  [-3.74775651e-01]
  [ 8.43681766e-02]
  [ 1.94405988e-01]
  [ 4.00698967e-01]
  [-4.76188858e-01]
  [-4.56405292e-01]
  [ 6.50923707e-01]
  [-2.28992480e-01]
  [ 2.00918419e-01]
  [-4.63643697e-02]
  [-4.89709423e-01]
  [ 7.12826293e-01]
  [ 4.91221512e-01]
  [ 1.31850682e-01]
  [-2.53925936e-01]
  [-2.79826747e-01]
  [-2.16252896e-02]]

 [[ 9.85214748e-02]
  [-8.21985197e-01]
  [ 4.17168787e-01]
  [-3.69045190e-01]
  [ 1.10685991e-01]
  [-1.13787678e-01]
  [ 4.42955772e-01]
  [ 4.30467889e-01]
  [ 2.12828824e-01]
  [ 2.46168622e-01]
  [-6.41714987e-01]
  [-1.87793550e-01]
  [ 2.89118319e-01]
  [ 5.09671755e-01]
  [-7.53547514e-01]
  [ 6.71616023e-02]
  [ 2.22575388e-01]
  [ 2.11991218e-01]
  [ 3.10768209e-01]
  [ 1.91998520e-01]
  [ 4.72421339e-01]
  [-5.58634503e-02]
  [ 1.84585430e-01]
  [-4.07113106e-01]
  [ 8.64188905e-01]
  [ 3.56246818e-01]
  [-5.94664621e-01]
  [-2.42852271e-01]
  [-9.74510305e-02]
  [ 6.32361140e-01]
  [-1.28531977e-01]
  [-1.91060957e-01]
  [ 1.45663385e-01]
  [ 3.26315838e-01]
  [-4.77587582e-01]
  [ 7.62381626e-02]
  [-1.88244189e-01]
  [ 3.67223869e-01]
  [ 1.99328939e-01]
  [-3.50035883e-01]
  [ 3.01805013e-01]
  [-4.18928983e-01]
  [ 2.24038957e-01]
  [-3.06363499e-01]
  [-3.70381257e-01]
  [-2.46497193e-01]
  [-6.95585050e-01]
  [-5.10775445e-02]
  [ 3.20109484e-01]]

 [[ 7.62273488e-01]
  [ 8.95003946e-02]
  [ 2.61925438e-01]
  [ 5.41373434e-01]
  [-6.61209777e-01]
  [-6.86116322e-02]
  [-1.10179767e-01]
  [-1.70898562e-02]
  [ 3.20966967e-01]
  [-2.58667540e-02]
  [-2.22379939e-01]
  [-1.03183946e-01]
  [-1.49210684e-01]
  [-6.63828749e-01]
  [ 6.66669703e-02]
  [-2.60481148e-01]
  [ 3.84783338e-01]
  [ 2.67015968e-01]
  [-6.69331995e-02]
  [-4.70632973e-02]
  [ 5.19036464e-01]
  [-5.08176252e-01]
  [ 7.11990079e-01]
  [ 5.06349254e-01]
  [ 3.06775072e-01]
  [-6.19222520e-01]
  [ 1.09304173e+00]
  [-8.75272774e-01]
  [ 9.70128236e-01]
  [ 4.16565647e-01]
  [-8.49702499e-01]
  [-3.77681118e-01]
  [ 9.06168305e-02]
  [ 9.67716519e-01]
  [-1.87338277e+00]
  [ 1.37133893e+00]
  [-7.91971492e-01]
  [-7.04551104e-01]
  [ 1.12917853e+00]
  [-2.44600834e-01]
  [-1.03061902e-01]
  [ 1.54944972e-01]
  [-2.62857160e-01]
  [-2.58851153e-01]
  [ 2.04539678e-01]
  [ 3.51501443e-01]
  [-7.09459579e-01]
  [ 7.66473524e-01]
  [-1.43935676e-01]]

 [[ 1.00000000e-02]
  [ 2.47034786e+00]
  [ 5.23276177e-03]
  [ 1.30492557e+00]
  [ 1.61448412e+00]
  [-3.88969283e+00]
  [-2.20633124e-02]
  [-6.24165832e-03]
  [-2.18246951e+00]
  [-1.72850123e-03]
  [-1.91604211e+00]
  [-8.99302045e-03]
  [ 1.37956319e+00]
  [ 6.59844280e-01]
  [-4.79291878e-03]
  [-2.54846227e-01]
  [ 2.72831480e-01]
  [ 2.12565949e+00]
  [-8.45343218e-03]
  [-2.16326246e+00]
  [ 8.06532401e-01]
  [ 1.22819808e+00]
  [-2.14329275e+00]
  [ 2.22726136e+00]
  [-7.57392609e-01]
  [-5.55021724e-01]
  [ 6.74854234e-01]
  [-7.91301605e-01]
  [ 4.17674776e+00]
  [ 2.43117829e-02]
  [ 1.31630894e+00]
  [ 1.19860254e-02]
  [-6.12343500e-01]
  [ 1.44667480e-02]
  [-2.45136927e+00]
  [ 1.02287271e+00]
  [-1.00793205e+00]
  [ 7.95966168e-03]
  [ 9.14224122e-03]
  [-6.09448985e-01]
  [ 4.23443884e-03]
  [ 6.24134084e-01]
  [ 2.09857291e+00]
  [-1.03561961e+00]
  [ 1.37822145e-02]
  [ 2.71780436e-01]
  [ 1.42885173e-02]
  [ 1.47768369e-02]
  [-2.00350296e+00]]

 [[-2.15822767e-01]
  [ 3.82165795e-01]
  [-2.54651200e-01]
  [-3.90095682e-03]
  [-5.73748730e-01]
  [ 4.32662625e-01]
  [ 4.83164812e-01]
  [-4.83478040e-01]
  [ 3.37799473e-01]
  [ 2.59487193e-01]
  [-3.83273021e-01]
  [-6.88137856e-03]
  [ 5.39247052e-01]
  [-2.52605030e-02]
  [ 6.11589282e-01]
  [-2.26207213e-01]
  [-1.54020492e-01]
  [-1.59699299e-01]
  [ 1.46568949e-01]
  [-3.90083292e-01]
  [-2.52814741e-02]
  [-1.17503654e-03]
  [ 2.73868948e-01]
  [-1.75336920e-01]
  [-3.34710255e-01]
  [ 7.69334257e-02]
  [-1.81264346e-01]
  [ 7.96737727e-01]
  [ 2.31732615e-01]
  [ 1.72195769e-01]
  [-5.38385710e-02]
  [ 1.71254281e-01]
  [-4.24447257e-01]
  [-1.29058902e-01]
  [ 2.13304985e-01]
  [ 6.70932763e-01]
  [ 8.30553868e-02]
  [ 2.71076012e-01]
  [-2.62720384e-01]
  [-1.26254499e-01]
  [ 2.21637362e-01]
  [-2.74733620e-01]
  [-5.63630733e-01]
  [-2.72227620e-02]
  [ 4.22139589e-01]
  [ 5.16641829e-03]
  [-1.81835866e-02]
  [-1.67036781e-01]
  [ 1.04479323e-01]]

 [[ 4.04321282e-01]
  [ 3.37101145e-01]
  [-3.57998482e-01]
  [ 4.65716916e-02]
  [-4.42307324e-01]
  [-5.19160015e-01]
  [-9.14452015e-02]
  [ 4.51492690e-02]
  [-2.88699414e-02]
  [ 3.25545521e-01]
  [-4.69176408e-01]
  [ 5.81606818e-03]
  [-7.14614740e-02]
  [-5.12160477e-01]
  [-5.64705219e-01]
  [ 7.72152900e-01]
  [-3.15432759e-03]
  [-6.34478873e-01]
  [ 2.04180530e-01]
  [-1.09684107e-01]
  [ 1.08131396e-01]
  [ 1.17537519e-01]
  [ 2.46761007e-01]
  [-4.07987731e-01]
  [ 7.59036705e-01]
  [ 1.15031881e-01]
  [ 2.81434300e-01]
  [ 9.67596398e-02]
  [-4.70144506e-01]
  [-3.08600864e-02]
  [-1.45243239e-01]
  [ 1.83368288e-01]
  [-5.31152548e-01]
  [-9.30361638e-02]
  [ 6.33037490e-01]
  [ 2.49817314e-01]
  [-2.87055632e-01]
  [ 1.87561986e-01]
  [ 1.83318407e-01]
  [ 3.14012128e-01]
  [-1.11014428e+00]
  [ 8.79366096e-02]
  [-2.54287045e-01]
  [ 5.02146633e-01]
  [ 3.21275074e-01]
  [-4.77861693e-01]
  [-5.88330531e-01]
  [-1.36318756e-01]
  [-2.46565668e-01]]

 [[ 4.28325794e-01]
  [ 3.16456233e-01]
  [ 2.11743027e-01]
  [ 2.10608299e-01]
  [ 1.20290533e-01]
  [-7.59820794e-02]
  [ 2.69099295e-02]
  [ 6.23665149e-01]
  [-4.14551403e-01]
  [ 6.51304894e-01]
  [-3.56077585e-02]
  [ 1.29506514e-01]
  [-2.46919323e-01]
  [ 3.97871212e-01]
  [-2.21275088e-01]
  [-2.48365027e-01]
  [ 8.02856597e-01]
  [-5.81333771e-01]
  [ 8.62582563e-02]
  [-7.72562637e-01]
  [ 5.72746966e-02]
  [ 5.53418403e-01]
  [ 1.43803587e-01]
  [ 9.55421055e-02]
  [ 2.64585978e-02]
  [-3.28051587e-01]
  [ 6.42344977e-01]
  [ 3.62085346e-01]
  [ 2.63472723e-01]
  [-4.45492422e-01]
  [ 1.68426305e-01]
  [ 1.42239316e-01]
  [ 2.57259828e-02]
  [ 3.50670131e-01]
  [ 4.07194563e-01]
  [-6.73534269e-01]
  [-2.28469814e-01]
  [-2.41572623e-01]
  [ 7.15834115e-01]
  [ 9.85279236e-02]
  [-1.03096004e+00]
  [ 2.24836305e-01]
  [-8.69541623e-01]
  [ 6.57153835e-01]
  [-7.10308091e-02]
  [ 4.60576474e-01]
  [-4.87191159e-01]
  [ 5.88525083e-01]
  [ 3.07661544e-01]]

 [[ 1.96731977e+00]
  [ 3.97979980e+00]
  [ 9.29061640e-03]
  [ 1.01313984e-02]
  [ 6.29242287e-03]
  [ 6.14532817e-03]
  [ 6.82896465e-03]
  [ 5.06550371e-03]
  [ 9.62422870e-04]
  [-1.66527962e-03]
  [-3.50687811e-03]
  [-1.08088663e-02]
  [-7.32791398e-03]
  [-1.09076102e-02]
  [-1.06725298e-02]
  [-1.40691667e-02]
  [-8.67574512e-03]
  [-6.37088771e-03]
  [-5.06492476e-03]
  [-7.23815708e-03]
  [-4.23964743e-03]
  [-1.26003603e-02]
  [-1.07777614e-02]
  [-1.07330134e-02]
  [-1.46149818e+00]
  [-6.93714745e-03]
  [-1.26073800e-02]
  [-5.21603564e-03]
  [-7.80854018e-03]
  [-8.60983485e-03]
  [-1.53862827e-03]
  [-7.68427901e-03]
  [-1.01899653e-02]
  [-8.83798402e-03]
  [-3.83742375e-03]
  [-4.76844293e-03]
  [-7.34099314e-03]
  [-7.23978128e-03]
  [-7.80775507e-03]
  [-9.72418363e-03]
  [-9.84565556e-03]
  [-8.62745093e-03]
  [-1.27754252e-02]
  [-1.56120658e-02]
  [-2.17454325e-02]
  [-1.54060807e-02]
  [-1.68188740e-02]
  [-8.86350815e-03]
  [-3.99081419e-03]]

 [[ 2.48724630e-01]
  [-5.80744376e-02]
  [-5.16191378e-02]
  [ 1.05051607e+00]
  [-1.35968291e+00]
  [ 4.28074851e-01]
  [ 3.25689751e-01]
  [-6.14851797e-01]
  [-7.63365790e-01]
  [ 1.26380712e+00]
  [-7.16805334e-02]
  [ 2.81134157e-01]
  [-5.86330480e-01]
  [ 3.77800521e-01]
  [ 1.10432426e-01]
  [-1.05691501e+00]
  [ 4.64701003e-01]
  [ 7.01193940e-01]
  [-2.88798302e-03]
  [ 8.61670129e-01]
  [-1.04465795e+00]
  [ 1.41403139e+00]
  [-6.80414207e-02]
  [-7.79280987e-01]
  [ 8.87738942e-01]
  [ 4.79829252e-02]
  [ 1.29878601e-01]
  [ 2.58802732e-01]
  [ 1.13748121e-01]
  [-1.96935442e-01]
  [-5.17396862e-01]
  [-2.78469022e-02]
  [ 5.22802155e-01]
  [ 5.03307864e-01]
  [ 3.27061479e-01]
  [ 1.68525315e-01]
  [-5.73646796e-01]
  [ 9.41157943e-02]
  [-9.92163710e-01]
  [-3.47566544e-01]
  [ 2.27156820e-01]
  [-3.28574437e-01]
  [ 9.23269950e-01]
  [-5.43820847e-01]
  [-6.24748522e-01]
  [ 7.44538390e-01]
  [-6.13867613e-01]
  [ 1.24141469e+00]
  [-1.22874031e+00]]

 [[ 1.27813062e+00]
  [ 3.40912798e+00]
  [-9.65032308e-03]
  [-2.53805782e+00]
  [-5.31504258e-03]
  [-3.98683680e-03]
  [-1.18113354e+00]
  [-4.93313841e-03]
  [ 2.90037776e+00]
  [-7.55326996e+00]
  [ 2.14046305e+00]
  [-2.26829241e+00]
  [-8.10792807e-03]
  [-7.76054849e-03]
  [-4.14775064e-03]
  [-2.63430722e-03]
  [ 3.85600833e-03]
  [ 1.63621690e-03]
  [ 5.51771036e-03]
  [-1.06340660e-03]
  [ 1.73483780e-03]
  [-2.79977622e-04]
  [ 5.76494817e-03]
  [ 6.60815829e-03]
  [ 6.21508478e-03]
  [ 1.17177745e-02]
  [ 8.05628143e-03]
  [ 2.20429857e-03]
  [-2.03287329e-01]
  [ 7.14627741e-03]
  [ 7.29631007e-03]
  [ 5.25316410e-03]
  [ 6.85345264e-03]
  [ 7.37093534e-03]
  [ 4.03413730e-03]
  [-3.24611830e-03]
  [ 8.81064766e-04]
  [-1.91316427e-03]
  [ 1.40164126e-03]
  [ 6.23747858e-03]
  [ 6.85665731e-03]
  [ 8.54583098e-03]
  [ 4.86667755e-03]
  [ 4.95506629e-04]
  [ 1.68626732e-03]
  [ 1.73056721e-03]
  [-8.14839462e-04]
  [ 1.51599896e+00]
  [-9.29747092e-01]]

 [[ 4.65399056e-02]
  [-9.83864951e-02]
  [ 2.42832398e-01]
  [-3.11769265e-01]
  [ 4.07255618e-01]
  [ 3.23109469e-01]
  [-5.83966566e-01]
  [ 4.34579619e-01]
  [-8.71069425e-01]
  [-8.22869790e-01]
  [ 1.40196103e+00]
  [ 6.19361032e-02]
  [-1.24018099e+00]
  [ 1.17475895e+00]
  [-3.47095547e-01]
  [ 7.38326349e-01]
  [-6.90234054e-01]
  [-3.14256155e-01]
  [ 3.32543287e-01]
  [ 3.93866370e-01]
  [-6.34835280e-01]
  [-1.45817354e-01]
  [-9.47649932e-03]
  [-2.66412823e-01]
  [ 5.74215601e-01]
  [-2.51682886e-02]
  [ 5.71229841e-01]
  [-7.04267153e-01]
  [ 1.54271409e+00]
  [-2.35760850e+00]
  [ 1.68236896e+00]
  [-7.21619564e-01]
  [-8.29139747e-01]
  [ 8.62789843e-01]
  [ 2.76898241e-01]
  [-8.70277542e-02]
  [-8.49614864e-01]
  [ 1.18186793e+00]
  [-2.10347960e-01]
  [-4.67444227e-01]
  [-2.00897744e-01]
  [ 1.56188657e-02]
  [ 1.67921341e-01]
  [-1.79768304e-01]
  [ 9.90321687e-02]
  [ 5.62641535e-02]
  [ 1.68206230e-01]
  [ 5.81545259e-01]
  [-6.10591475e-02]]

 [[ 2.40064547e-01]
  [-1.32589233e-02]
  [ 2.19098553e-01]
  [-1.67117639e-01]
  [-4.29085739e-01]
  [-3.91876165e-01]
  [ 2.53137550e-01]
  [ 4.14049608e-01]
  [ 4.92638310e-01]
  [-1.26302428e-01]
  [-4.41360092e-01]
  [ 2.10843570e-01]
  [ 9.79773217e-01]
  [-4.25668069e-02]
  [-2.00852639e-01]
  [-3.77094532e-01]
  [-3.26579947e-01]
  [ 6.85005510e-02]
  [-1.40718138e-01]
  [-2.64150949e-01]
  [ 3.16987044e-02]
  [-1.37003642e-01]
  [ 3.81327005e-01]
  [-5.56713435e-01]
  [ 5.29279464e-01]
  [-1.60573334e-01]
  [ 2.77769189e-01]
  [-9.36255218e-01]
  [ 7.52009299e-01]
  [-1.03126263e+00]
  [ 3.37980937e-02]
  [ 7.82998729e-01]
  [ 8.64031204e-01]
  [ 1.91880515e-02]
  [-5.57068679e-01]
  [ 1.27873669e-01]
  [-5.14510547e-01]
  [-1.04971892e-01]
  [ 6.75524317e-01]
  [ 3.90159027e-01]
  [ 6.08692979e-01]
  [-1.06447624e-01]
  [ 1.45125098e-01]
  [-1.50920199e-01]
  [ 4.33952222e-01]
  [-4.41539873e-01]
  [-1.41692601e-01]
  [ 1.72088331e-01]
  [ 3.35018472e-01]]

 [[ 1.00000000e-02]
  [-1.50531355e+00]
  [-3.86164533e-01]
  [ 3.65057283e-03]
  [ 1.13548993e+00]
  [ 5.82810944e-03]
  [ 1.34368019e+00]
  [ 2.39646767e+00]
  [ 4.67873504e-01]
  [ 5.62394266e-01]
  [-1.09927183e+00]
  [-1.14267025e+00]
  [-1.27019506e-02]
  [-1.14550955e+00]
  [-2.35211342e+00]
  [-7.36438539e-03]
  [-6.11590545e-03]
  [ 2.53966911e-01]
  [-4.27328932e-03]
  [ 4.82137078e+00]
  [-6.52135769e-03]
  [ 9.49441770e-01]
  [-6.97705647e-03]
  [-1.93220466e+00]
  [ 4.51353182e-03]
  [-7.84101903e-01]
  [ 7.16498451e-03]
  [ 4.25495745e+00]
  [ 1.94033073e+00]
  [-1.87991750e+00]
  [ 1.69064852e+00]
  [ 2.27134066e-01]
  [-5.64590211e-03]
  [ 7.84672570e-01]
  [-8.52449115e-03]
  [ 3.54100439e-01]
  [-1.22909493e+00]
  [ 8.80087733e-04]
  [ 3.26632433e-02]
  [ 4.66213032e-03]
  [ 1.04711719e+00]
  [-5.48708880e-01]
  [-8.67367366e-04]
  [ 1.12900546e-03]
  [-3.90519025e-03]
  [ 1.39551872e-01]
  [-1.11979544e-02]
  [-1.42059657e-02]
  [-1.05982554e-02]]

 [[-4.97884612e-01]
  [-4.29160965e-01]
  [-2.09779439e-01]
  [-4.29628681e-01]
  [ 4.18558303e-02]
  [ 1.27157555e+00]
  [-1.95902922e-01]
  [-2.69625905e-02]
  [ 1.25839201e-01]
  [-6.66688015e-03]
  [-6.89667484e-01]
  [-6.99563035e-02]
  [-3.78351621e-02]
  [-2.60412967e-01]
  [ 1.03129498e-01]
  [-1.84083589e-01]
  [ 1.34597400e-01]
  [-1.64365787e-01]
  [-1.51456200e-02]
  [ 5.48676250e-02]
  [ 1.92968205e-01]
  [-2.62176220e-01]
  [-1.95609291e-01]
  [ 4.14677499e-02]
  [ 8.11647071e-01]
  [-5.97538530e-02]
  [ 4.54878798e-01]
  [-2.88262352e-01]
  [-1.73489184e-01]
  [ 5.76536816e-01]
  [-3.05443042e-02]
  [-2.72282071e-01]
  [ 5.09344256e-02]
  [ 2.25674924e-01]
  [ 1.66794156e-01]
  [-7.40114042e-01]
  [ 2.59094761e-01]
  [ 1.77623657e-01]
  [-1.07295294e-02]
  [-1.24979032e+00]
  [ 6.86020669e-01]
  [-2.29386876e-01]
  [ 6.61060130e-01]
  [-4.83547257e-01]
  [ 1.47411350e-01]
  [-2.26620841e-01]
  [-7.52776687e-01]
  [-2.69554082e-01]
  [ 5.20247694e-01]]

 [[ 8.72862308e-01]
  [ 3.37659905e-03]
  [ 1.80366921e-01]
  [-4.08815122e-01]
  [-7.09171218e-01]
  [ 7.80261090e-01]
  [-5.90654112e-01]
  [ 4.54569503e-01]
  [-3.81191391e-02]
  [-4.80693473e-01]
  [ 7.18787060e-01]
  [-4.73309387e-01]
  [-1.90750519e-02]
  [ 1.68129375e-01]
  [ 9.56544881e-01]
  [-6.02804783e-01]
  [ 2.03698323e-03]
  [-2.09419762e-01]
  [-3.16644585e-01]
  [-2.69414933e-01]
  [-1.82047334e-01]
  [ 7.09683130e-01]
  [ 2.30401273e-01]
  [-4.00290123e-03]
  [-2.55883405e-01]
  [-9.30125660e-01]
  [ 6.67965793e-01]
  [ 7.15235176e-01]
  [ 6.60396216e-01]
  [ 4.68939347e-01]
  [-8.87220040e-01]
  [-5.57314229e-01]
  [ 2.18886137e-01]
  [ 2.32200257e-01]
  [ 4.66654720e-01]
  [ 3.95016718e-01]
  [-4.85753561e-01]
  [-1.25563188e-01]
  [-4.37456712e-01]
  [ 1.59416548e+00]
  [-8.00902036e-01]
  [ 2.19507066e-01]
  [-8.85573630e-01]
  [ 7.21224694e-01]
  [-1.79141841e-01]
  [ 2.95142986e-01]
  [-1.12951694e+00]
  [ 1.09175496e+00]
  [-3.75910296e-01]]

 [[-3.70365727e-01]
  [ 4.76054626e-01]
  [-3.08233071e-02]
  [-5.87510061e-01]
  [ 9.12920904e-02]
  [-1.64980211e-01]
  [ 9.06655219e-02]
  [-1.95895652e-01]
  [-1.50963229e-01]
  [ 2.13836705e-01]
  [-4.20854457e-01]
  [-8.56338503e-02]
  [-2.87258762e-02]
  [ 9.33428237e-02]
  [ 6.22908266e-01]
  [ 9.52341669e-02]
  [ 5.59737553e-02]
  [-3.05703134e-01]
  [ 2.27613073e-01]
  [ 1.92864765e-01]
  [ 1.45081645e-01]
  [ 3.03646570e-01]
  [ 1.47551640e-01]
  [ 3.21526335e-01]
  [ 1.22248941e-01]
  [ 1.63190611e-02]
  [ 6.22506790e-01]
  [ 9.58896464e-02]
  [ 1.70123246e-01]
  [-2.66651613e-01]
  [ 1.80347835e-02]
  [-1.78859244e-01]
  [ 3.85734030e-01]
  [-4.63366043e-02]
  [ 3.59584755e-01]
  [-3.23725626e-01]
  [ 2.25629764e-01]
  [-2.87117704e-01]
  [ 3.91637380e-01]
  [-5.11125188e-01]
  [-5.70931614e-01]
  [ 2.30516507e-01]
  [-2.32196067e-01]
  [-2.33915619e-01]
  [-3.43098421e-02]
  [-5.24657165e-01]
  [ 4.63205908e-01]
  [ 7.05713751e-01]
  [-5.04141246e-01]]

 [[ 1.25798487e+00]
  [-4.18413779e-01]
  [ 7.56738029e-01]
  [-2.25629748e-01]
  [ 4.00738903e-01]
  [ 2.52608322e-01]
  [-4.76532343e-01]
  [ 6.19646504e-01]
  [-5.08242081e-01]
  [ 9.26565545e-01]
  [-6.92193180e-01]
  [-8.30791106e-01]
  [ 4.27263386e-01]
  [-1.57388015e-01]
  [-1.15088076e-01]
  [ 5.42360136e-01]
  [-2.38188246e-01]
  [ 9.63692097e-01]
  [-2.65950755e-01]
  [-3.63403302e-01]
  [ 1.77422223e-01]
  [-3.79298897e-01]
  [ 6.23284726e-01]
  [-1.51070032e+00]
  [-3.21711482e-01]
  [-5.08910129e-02]
  [ 6.38400298e-01]
  [-5.20490730e-01]
  [ 1.80136065e-01]
  [ 2.43605543e-01]
  [ 1.64584112e-01]
  [-2.35757539e-01]
  [ 1.70084745e-01]
  [-4.85423890e-01]
  [ 9.85812595e-03]
  [-2.17543535e-01]
  [ 7.27475040e-01]
  [-6.66783610e-02]
  [-6.46021162e-01]
  [ 5.29915577e-01]
  [-5.46760058e-01]
  [ 2.11249357e-01]
  [ 1.64427249e-01]
  [ 1.16042473e+00]
  [-2.28664566e-01]
  [-2.67741873e-02]
  [-1.42794807e+00]
  [ 7.46735436e-01]
  [ 1.16149780e-01]]

 [[ 5.99517930e-01]
  [ 5.26466406e-02]
  [ 7.63280662e-01]
  [-4.19814386e-01]
  [-3.72318084e-01]
  [ 5.67542778e-01]
  [-1.23555806e-01]
  [-7.18980276e-01]
  [ 9.96825868e-01]
  [ 6.84967966e-01]
  [-1.45310344e+00]
  [ 4.97698465e-01]
  [ 1.39885111e+00]
  [-3.24334795e-01]
  [ 2.67381914e-01]
  [-6.23829457e-01]
  [-8.68993590e-02]
  [ 2.20038277e-01]
  [ 3.61922855e-02]
  [-8.43347456e-01]
  [-1.08592493e-01]
  [-7.07163174e-02]
  [-2.90459022e-01]
  [-4.16704245e-01]
  [-3.60673623e-01]
  [ 1.07159978e+00]
  [-2.55977075e-01]
  [-6.37899641e-01]
  [ 1.25822670e+00]
  [-2.33260004e-01]
  [-2.69242161e-01]
  [-7.67147121e-01]
  [ 4.35046380e-01]
  [ 5.57018008e-01]
  [-1.00994242e+00]
  [ 2.26082110e-01]
  [ 2.74187930e-01]
  [ 2.02901462e-02]
  [-7.15299390e-02]
  [-5.63717977e-02]
  [ 5.38428701e-02]
  [-4.30479496e-02]
  [ 9.08776362e-01]
  [-1.04805365e-01]
  [-1.18933111e-01]
  [-1.84976625e-01]
  [ 1.61292329e-01]
  [-6.78154699e-01]
  [-4.73660468e-01]]

 [[ 1.00000000e-02]
  [ 1.72622386e-02]
  [ 1.35054353e-02]
  [ 7.69494422e-03]
  [ 9.65557242e-03]
  [ 1.33043596e-02]
  [ 1.32661228e-02]
  [ 1.00304053e-02]
  [ 1.09242435e-02]
  [ 6.87504342e-03]
  [ 2.57393490e-03]
  [ 7.14843441e-03]
  [ 7.23461450e-03]
  [ 8.23925628e-03]
  [ 9.86817205e-03]
  [ 5.10898536e-03]
  [ 5.88106422e-03]
  [ 5.76764807e-03]
  [ 5.91768416e-04]
  [-1.82041125e-04]
  [-3.46986530e-03]
  [ 4.82885841e-01]
  [-4.88879021e-03]
  [ 5.91273248e-03]
  [ 2.05447169e-03]
  [-3.17713082e-03]
  [-3.49965699e-03]
  [-6.93018288e-03]
  [-1.04748656e-02]
  [ 1.32297955e-04]
  [ 4.71406143e-04]
  [-3.54153590e-03]
  [-2.80739978e-03]
  [-1.68832712e-03]
  [-2.47202546e-03]
  [-2.19955912e-03]
  [-2.90947126e-03]
  [-3.08715228e-03]
  [ 1.29101542e-03]
  [-2.26018512e-03]
  [-2.92106902e-03]
  [-7.21369516e-03]
  [ 1.40697088e+00]
  [-9.36626248e-03]
  [ 6.20136379e-01]
  [ 8.10307804e-01]
  [-2.48583407e-03]
  [-6.79760567e-01]
  [-4.03423040e-03]]

 [[-3.58146384e-01]
  [ 7.20993757e-01]
  [-9.66150388e-02]
  [-3.99036015e-01]
  [ 2.88211553e-01]
  [ 1.20906579e+00]
  [-9.64378790e-01]
  [-3.59048509e-02]
  [-7.43770135e-02]
  [ 1.26621396e+00]
  [-1.23027447e+00]
  [ 5.19459457e-01]
  [-7.89187498e-01]
  [ 7.43113254e-01]
  [-1.61881797e-01]
  [-3.24135175e-01]
  [-4.44013256e-01]
  [-8.48000433e-01]
  [ 7.75612814e-02]
  [-3.93374876e-01]
  [ 6.83057960e-01]
  [ 2.25274831e-01]
  [ 6.57243450e-01]
  [-1.34008113e+00]
  [ 6.89468693e-01]
  [-9.93954968e-02]
  [-5.48552968e-01]
  [-7.51013108e-01]
  [ 6.90264790e-01]
  [-4.18961814e-01]
  [ 7.58858943e-01]
  [-1.03183101e+00]
  [ 1.28133065e-01]
  [ 3.81189672e-01]
  [-3.69092111e-01]
  [-1.95038546e-01]
  [-2.72562278e-01]
  [-4.49260595e-01]
  [ 8.78814857e-01]
  [-3.70624897e-01]
  [ 9.96927599e-02]
  [ 1.09080128e-01]
  [ 1.68466055e-01]
  [ 7.52796920e-02]
  [-2.27466608e-01]
  [ 6.55491490e-01]
  [-6.03281572e-01]
  [-3.12873839e-01]
  [-2.53726507e-01]]

 [[ 1.00000000e-02]
  [ 8.57938644e-03]
  [-8.84971072e-01]
  [-2.20264752e-01]
  [-1.39912907e-01]
  [ 2.38865027e+00]
  [ 2.23463850e-03]
  [ 1.29662165e-03]
  [-1.63339272e+00]
  [-3.10835952e+00]
  [ 1.08049484e-03]
  [ 2.14696013e+00]
  [-1.88534728e-01]
  [-1.61563109e+00]
  [ 1.78069910e+00]
  [ 4.17980544e-01]
  [-3.39304902e-01]
  [ 4.47564499e-01]
  [-1.18228963e+00]
  [-3.04521048e-03]
  [-2.56161221e-01]
  [ 2.59331706e-03]
  [ 7.58395593e-04]
  [ 1.40248427e+00]
  [ 5.72876657e-03]
  [ 2.13131022e-03]
  [ 1.48849918e-01]
  [ 2.41581364e-03]
  [-9.43565559e-01]
  [-1.81123734e+00]
  [ 3.02309537e-01]
  [-1.50599789e-01]
  [-2.98334262e+00]
  [-1.74252758e+00]
  [-2.29246988e-01]
  [ 7.85144180e-02]
  [-2.06528970e+00]
  [-1.32517707e+00]
  [ 3.47881931e-01]
  [ 3.03382698e+00]
  [ 1.22525118e+00]
  [-8.97806196e-04]
  [ 6.34932330e-01]
  [ 2.17724653e-01]
  [ 3.14864789e+00]
  [-4.37110797e-03]
  [-5.79765773e-01]
  [-1.91084087e+00]
  [-7.64073814e-01]]

 [[-4.90485074e-01]
  [-8.34711358e-01]
  [ 8.75645764e-01]
  [-4.09080486e-01]
  [ 3.82102379e-01]
  [ 2.02584724e-01]
  [-2.92799651e-01]
  [ 1.00512678e+00]
  [ 4.18599081e-02]
  [-9.91081893e-02]
  [-9.19151316e-01]
  [ 3.57132609e-01]
  [-1.33971055e-03]
  [-3.63584173e-01]
  [ 2.31673996e-01]
  [-1.29487365e-01]
  [ 4.15591321e-01]
  [-9.35617368e-02]
  [-7.39075279e-01]
  [ 5.19098475e-01]
  [-3.49112267e-01]
  [ 6.71496663e-01]
  [ 6.95051817e-01]
  [-1.69168859e+00]
  [-1.88539285e+00]
  [ 1.22076650e+00]
  [-1.11692860e+00]
  [ 1.80422327e+00]
  [-2.69397276e-01]
  [ 9.53810306e-01]
  [-9.05955734e-01]
  [ 3.00922993e-02]
  [-8.05005655e-01]
  [ 5.46345192e-01]
  [-5.87160196e-01]
  [ 1.61701991e+00]
  [ 1.23579956e+00]
  [-1.38898170e+00]
  [-3.43776225e-01]
  [ 3.41456318e-01]
  [-2.23440842e-01]
  [-6.60172161e-02]
  [-2.55444831e-01]
  [ 4.98902357e-01]
  [-5.38711098e-01]
  [ 2.60339601e-03]
  [ 3.91134947e-01]
  [-6.86557926e-01]
  [-9.97087279e-02]]

 [[ 1.00000000e-02]
  [ 9.98049995e-03]
  [-9.74824701e-01]
  [ 1.18323251e-02]
  [ 9.23522205e-03]
  [ 6.34934232e-03]
  [ 5.53668014e-03]
  [ 6.30007520e-03]
  [ 4.98863720e-03]
  [ 3.36723042e-03]
  [ 1.48117031e-03]
  [ 3.00876792e-03]
  [ 7.20229007e-03]
  [ 5.22229260e-03]
  [ 1.31292756e-02]
  [ 8.98021549e-03]
  [ 1.28133707e-03]
  [-1.11084868e-01]
  [ 2.73764643e-03]
  [-3.48324662e-03]
  [-8.36391461e-03]
  [-4.46383995e-03]
  [ 2.55893579e-03]
  [ 6.64975231e-03]
  [ 3.37193616e-03]
  [ 6.79223817e-03]
  [ 1.21696214e-02]
  [ 1.48326001e-02]
  [ 9.53394154e-03]
  [ 3.67748805e-03]
  [ 3.07542822e-04]
  [-8.01775085e-04]
  [-7.93391859e-03]
  [-6.79234322e+00]
  [-1.58093192e+00]
  [-3.61282188e-03]
  [-2.53198753e-03]
  [-4.11537515e-03]
  [-5.16222890e-03]
  [-4.73038691e-03]
  [-1.05764372e-03]
  [ 4.70905722e-03]
  [-2.87399386e+00]
  [ 4.03369416e-03]
  [ 5.05467110e-03]
  [-2.01833392e-03]
  [ 3.93946169e-03]
  [ 1.39282003e-03]
  [ 1.06642937e-03]]

 [[ 3.98542199e+00]
  [ 7.77540394e-03]
  [ 1.97762143e-03]
  [-1.31846259e-03]
  [-2.93588352e-03]
  [ 1.87622370e-03]
  [ 1.29000823e-03]
  [-1.63417148e-03]
  [ 4.29750312e-03]
  [ 1.37754691e-04]
  [ 2.93007576e-03]
  [ 2.20927073e-03]
  [ 1.98284910e-03]
  [-5.03119473e-04]
  [ 5.21716816e-03]
  [ 9.34217493e-03]
  [ 8.45336532e-03]
  [ 1.76642953e-02]
  [ 1.63315701e-02]
  [ 1.79080947e-02]
  [ 1.21558170e-02]
  [ 1.68955942e-02]
  [ 1.31620251e-02]
  [ 7.69451357e-03]
  [ 2.05557335e-03]
  [ 3.09085169e-01]
  [-1.66326975e-03]
  [ 2.90016567e-04]
  [-3.81342523e-04]
  [-1.11742377e-02]
  [-1.36898055e-02]
  [-5.13790790e-03]
  [-4.31110071e-03]
  [-1.99564197e-03]
  [-1.99237313e-04]
  [ 1.30722905e-03]
  [ 3.75666566e-03]
  [ 4.85428480e-03]
  [ 3.80754367e-03]
  [ 8.87529358e-03]
  [ 4.88286005e-03]
  [ 6.53054396e-03]
  [ 5.69067051e-03]
  [ 6.51019063e-03]
  [ 4.48593357e-03]
  [ 6.33196124e-03]
  [-2.24413109e-03]
  [ 9.75769515e-04]
  [ 3.20699847e-03]]

 [[ 6.66732861e-01]
  [-5.95995028e-01]
  [ 3.26897228e-01]
  [-3.71386581e-01]
  [ 1.61104060e-01]
  [ 2.70022179e-01]
  [-4.99715598e-01]
  [ 7.00412530e-01]
  [ 2.94365411e-01]
  [-7.91666845e-02]
  [ 5.32310687e-01]
  [-1.67569789e-01]
  [-6.39054255e-01]
  [ 7.89011129e-02]
  [ 4.99087252e-03]
  [ 2.47117480e-01]
  [ 1.35056000e-01]
  [ 4.41292406e-01]
  [-1.01264352e+00]
  [ 2.62800678e-01]
  [ 7.85006067e-02]
  [ 4.47291347e-01]
  [-4.29919748e-01]
  [ 3.43343171e-01]
  [-1.97267482e-01]
  [-3.84459217e-01]
  [-2.29255217e-01]
  [ 1.69655176e-01]
  [ 4.10200524e-01]
  [-1.91140245e-01]
  [-4.09739814e-01]
  [-4.33031264e-01]
  [-3.30260717e-01]
  [-1.14594976e-01]
  [ 2.11471130e-01]
  [ 9.60203630e-02]
  [ 1.31780395e-01]
  [ 3.17735246e-01]
  [-5.13060127e-01]
  [-2.21095196e-01]
  [-2.29099234e-02]
  [ 1.33715567e-01]
  [-1.66863794e-01]
  [ 1.34407453e-01]
  [ 7.12228710e-03]
  [ 6.37505528e-03]
  [-2.77540407e-02]
  [-6.32663508e-01]
  [ 1.93848765e-01]]

 [[-2.13394276e-01]
  [-1.95265857e-01]
  [ 2.28224216e-01]
  [-4.23975744e-01]
  [-2.04974641e-01]
  [ 2.04803051e-01]
  [ 6.64734310e-01]
  [-7.33934863e-01]
  [ 6.12321024e-01]
  [-1.43008405e-01]
  [ 4.18931618e-01]
  [ 4.06769555e-01]
  [ 4.21712786e-01]
  [ 2.26900759e-01]
  [ 2.43979092e-01]
  [-1.01264209e-01]
  [ 7.02478794e-02]
  [ 2.63722730e-01]
  [-4.59021801e-02]
  [ 3.07675334e-01]
  [ 7.98345764e-02]
  [-3.95463583e-01]
  [-3.94227031e-01]
  [-3.11987560e-01]
  [ 5.97967949e-01]
  [-5.10315903e-01]
  [-1.42219287e-01]
  [ 1.87464905e-01]
  [-1.20198170e-01]
  [ 3.58244692e-02]
  [ 6.56507793e-02]
  [ 3.80364196e-01]
  [ 6.82279018e-01]
  [-4.14990809e-01]
  [-3.93996461e-01]
  [-6.81304541e-02]
  [-4.00208671e-01]
  [ 6.77450174e-02]
  [-8.32664171e-02]
  [ 7.70766055e-02]
  [ 5.30682771e-01]
  [ 5.56562632e-01]
  [-1.14821189e-01]
  [ 8.09576160e-02]
  [-1.09067977e-01]
  [-7.57324143e-01]
  [-1.88566782e-01]
  [ 2.56833140e-01]
  [ 1.54569172e-01]]

 [[ 3.70310293e-01]
  [ 4.87674058e-01]
  [ 2.09524978e-01]
  [ 1.87002167e-01]
  [ 9.66510891e-02]
  [ 8.64510197e-03]
  [ 3.44820958e-01]
  [ 3.02157781e-01]
  [-3.39129098e-01]
  [-3.34538789e-01]
  [ 2.27635315e-01]
  [-2.30189874e-02]
  [-3.05001666e-01]
  [-9.11424493e-01]
  [-2.11939788e-01]
  [ 7.08572100e-01]
  [ 4.15538401e-01]
  [ 4.98435513e-01]
  [ 3.37749405e-01]
  [ 1.94033845e-01]
  [-3.21260790e-01]
  [ 8.01449869e-03]
  [-7.25216078e-02]
  [ 1.56005897e-03]
  [ 8.99443612e-02]
  [ 5.39300715e-01]
  [-1.01260260e-01]
  [-4.76967463e-01]
  [ 5.00079070e-01]
  [-8.28969138e-01]
  [ 1.21290225e-01]
  [-7.37020911e-02]
  [ 5.72129654e-01]
  [-3.77961714e-01]
  [ 2.19871152e-01]
  [-2.07370291e-01]
  [ 5.24340853e-01]
  [ 2.22286458e-01]
  [-3.24390095e-01]
  [-5.21831476e-01]
  [-3.59359212e-01]
  [ 1.37944150e-01]
  [ 3.05694724e-01]
  [ 9.69559785e-01]
  [-1.50311404e-01]
  [-7.56681750e-02]
  [-8.22707267e-03]
  [-4.54277496e-01]
  [ 1.28724587e-01]]

 [[ 1.35467989e+00]
  [-3.08775431e-01]
  [-5.81605342e-01]
  [ 6.12188295e-01]
  [-1.23205501e+00]
  [ 4.53472413e-01]
  [ 3.26949784e-01]
  [ 8.57563463e-01]
  [ 5.00652257e-01]
  [-7.21706794e-01]
  [ 2.35766330e-01]
  [-4.28921677e-01]
  [-7.73604828e-02]
  [-4.60107384e-02]
  [-4.87418630e-01]
  [ 8.03000829e-01]
  [-6.47887285e-01]
  [ 6.71960000e-01]
  [ 7.16730057e-01]
  [ 2.06783414e-01]
  [-1.14596388e+00]
  [ 1.68463785e+00]
  [-1.20137657e+00]
  [-3.27489235e-01]
  [-3.47884835e-02]
  [-3.59421130e-01]
  [-3.35766276e-01]
  [ 7.64604596e-01]
  [-3.73612541e-01]
  [-1.19932104e-01]
  [ 6.81910130e-01]
  [-1.51448305e-01]
  [-6.78254393e-01]
  [-5.58430989e-01]
  [ 9.84444164e-01]
  [ 4.42619521e-01]
  [ 5.11986859e-01]
  [-6.37179476e-01]
  [-1.07874250e-01]
  [ 4.31230755e-03]
  [ 7.08854448e-01]
  [-2.06965205e+00]
  [-5.12198296e-01]
  [ 3.49895855e-01]
  [-6.02710274e-02]
  [ 9.13774218e-01]
  [-1.82939980e-01]
  [ 6.20364509e-01]
  [-1.01218867e+00]]

 [[ 6.61072766e-01]
  [-2.58781352e-01]
  [-5.22049554e-03]
  [ 1.51854606e-01]
  [ 1.46765895e-01]
  [ 4.53089344e-01]
  [-5.01489219e-01]
  [ 3.64479906e-01]
  [-2.41675734e-01]
  [-3.05991993e-01]
  [ 4.06369582e-01]
  [-7.43516055e-01]
  [ 6.35576878e-01]
  [ 3.30376474e-01]
  [-1.54610065e-01]
  [ 4.71508475e-02]
  [-9.08684657e-01]
  [ 4.05033248e-02]
  [-1.01324711e-01]
  [ 3.54710945e-01]
  [ 8.67552250e-01]
  [-5.58301441e-01]
  [-2.83253060e-01]
  [-4.00517654e-01]
  [ 6.42152527e-01]
  [-3.07237115e-01]
  [-4.20853257e-01]
  [-4.49463492e-01]
  [-1.07816771e-01]
  [-3.41380977e-01]
  [ 1.00287744e-01]
  [ 5.91765472e-02]
  [-1.52546409e-01]
  [-4.55068720e-02]
  [-4.84266085e-01]
  [-4.60169674e-01]
  [-1.11986127e-01]
  [ 3.80048909e-01]
  [-4.76640504e-01]
  [-4.73798258e-01]
  [-1.13166039e-02]
  [ 4.04453499e-01]
  [-7.76205836e-01]
  [-3.10540750e-01]
  [-3.17055229e-01]
  [ 3.55039716e-01]
  [ 1.69917269e-02]
  [-2.43436927e-01]
  [-2.70607093e-02]]

 [[ 2.45888420e-01]
  [ 1.30721661e+00]
  [-3.62104392e+00]
  [ 1.10491571e-02]
  [ 8.43593857e-03]
  [ 7.37610632e-03]
  [ 1.03596609e-02]
  [ 7.38109147e-03]
  [ 1.65013096e-03]
  [-2.65852810e-04]
  [-8.58604996e-03]
  [-8.55959974e-03]
  [-1.70238761e-02]
  [-1.78010832e-02]
  [-6.17148302e-03]
  [ 1.09226101e+00]
  [-8.48126960e-03]
  [-5.25910672e-03]
  [-2.73073225e-03]
  [-1.04387559e-02]
  [-4.71441064e-03]
  [-1.91238153e-03]
  [-6.88426182e-03]
  [-3.88972839e-03]
  [-2.18912555e-03]
  [-2.43161801e-03]
  [-4.73440080e-03]
  [-4.06163602e-03]
  [-1.18010417e+00]
  [ 3.86770923e-01]
  [ 4.47326072e+00]
  [ 2.40868830e+00]
  [-1.05005706e+00]
  [ 2.62212035e-03]
  [ 5.18139520e-03]
  [ 1.05226031e-02]
  [ 9.89059717e-03]
  [ 2.91337763e-03]
  [ 9.51328140e-01]
  [-1.57268780e-03]
  [ 1.19336682e-04]
  [-3.60275951e-03]
  [-1.23990832e-02]
  [-9.06079441e-03]
  [-1.13599460e-02]
  [ 4.67196577e-01]
  [ 4.21840945e+00]
  [-2.79226116e+00]
  [-2.19450064e+00]]

 [[ 2.94241875e-01]
  [ 2.54946810e-01]
  [-1.90186134e-01]
  [ 4.62062354e-02]
  [-5.73426224e-01]
  [-3.77551108e-01]
  [-4.69022556e-01]
  [ 5.53059238e-02]
  [-2.10027451e-01]
  [ 1.61957180e-02]
  [ 1.41768371e-01]
  [ 9.96083777e-01]
  [-4.23702389e-01]
  [-5.68137089e-01]
  [-3.07180132e-01]
  [ 4.11074103e-02]
  [ 8.06138631e-02]
  [-5.58508234e-01]
  [ 7.12943254e-01]
  [-1.43986334e-01]
  [-6.10025635e-02]
  [-3.66161767e-02]
  [-4.05040932e-01]
  [-1.60629435e-01]
  [-5.04567612e-02]
  [ 2.95716939e-01]
  [-1.46593213e-01]
  [-2.13668297e-01]
  [-9.22948551e-02]
  [ 3.34537004e-01]
  [-2.16874973e-01]
  [-7.86218016e-01]
  [ 4.51610078e-02]
  [-1.31573301e-01]
  [ 7.10820711e-02]
  [-2.92279607e-02]
  [-4.81288009e-02]
  [ 4.92375587e-01]
  [-1.81489971e-01]
  [ 5.58482024e-01]
  [-1.67122271e-01]
  [ 6.29887888e-01]
  [-1.24415370e-01]
  [ 2.06568442e-01]
  [ 3.64855457e-01]
  [-3.57510936e-01]
  [-3.54601323e-01]
  [ 2.46901948e-01]
  [ 2.75581490e-01]]

 [[ 5.31980045e+00]
  [ 1.23989321e+00]
  [-2.93782319e-03]
  [-1.86522978e-03]
  [-3.76637998e-03]
  [ 6.32802857e-03]
  [ 5.06208073e-03]
  [ 8.21512514e-03]
  [ 1.09400195e-02]
  [ 2.18399440e-01]
  [ 6.67992874e-03]
  [ 7.30594969e-03]
  [ 8.67939375e-03]
  [ 8.77726798e-03]
  [ 1.22323246e-02]
  [ 9.19650353e-03]
  [ 1.30834411e-02]
  [ 6.69262407e-03]
  [ 2.53114002e+00]
  [ 1.13117454e-02]
  [ 9.71164059e-03]
  [ 7.24921614e-03]
  [ 2.82356233e-03]
  [ 2.82747694e-03]
  [ 1.71879194e-03]
  [ 5.75498543e-03]
  [ 1.93981926e-03]
  [ 2.34043659e-03]
  [ 8.12778489e-04]
  [-1.54234113e-03]
  [ 3.08849938e-03]
  [ 5.00537046e-03]
  [ 6.44643853e-03]
  [-4.00177187e-04]
  [ 8.80980397e-01]
  [-7.31206965e-03]
  [ 3.28367113e-03]
  [-4.74644966e-03]
  [-9.61871820e-04]
  [ 1.04299147e-02]
  [ 1.80116164e-02]
  [ 1.84418871e-02]
  [ 2.38173750e-02]
  [ 1.73387105e-02]
  [ 1.51232483e-02]
  [ 1.17117192e-02]
  [ 1.02630993e-02]
  [ 8.68158147e-03]
  [ 1.62327420e-03]]

 [[ 1.00000000e-02]
  [ 1.15053009e-02]
  [ 4.60214469e-03]
  [ 4.38415146e-03]
  [ 2.73197414e-03]
  [-2.55142605e-03]
  [-5.23189300e-03]
  [-3.03317258e-03]
  [-5.58266579e-03]
  [-6.25168140e-03]
  [-8.48471132e-03]
  [-3.30598177e-03]
  [-5.13485666e-03]
  [-1.11076342e-02]
  [-4.30052046e-03]
  [-2.95865709e-03]
  [-4.17971943e-03]
  [-4.65176833e-01]
  [ 1.90361872e+00]
  [-2.58984259e+00]
  [-9.13073914e-03]
  [-7.70154293e-03]
  [ 5.13032757e-01]
  [-1.10437394e-02]
  [-1.30041459e-02]
  [-2.79926113e+00]
  [-2.80180690e-01]
  [ 2.55145128e+00]
  [-6.49982649e-03]
  [-1.89297992e+00]
  [ 1.53007150e+00]
  [-1.77123105e-02]
  [ 1.00357348e+00]
  [ 6.64847933e-01]
  [ 1.85586488e+00]
  [ 1.06473902e+00]
  [ 8.13606339e-01]
  [ 5.34247329e-01]
  [-4.77760450e+00]
  [-4.15992164e+00]
  [ 1.19384390e+00]
  [ 5.62611375e-01]
  [-2.00540564e+00]
  [ 3.72502005e+00]
  [ 6.24179511e-03]
  [ 2.28823406e-03]
  [ 9.76545081e-01]
  [ 3.08421495e-03]
  [ 3.95354659e-03]]

 [[ 1.41605154e-01]
  [-4.45390352e-01]
  [ 1.73922693e-01]
  [-3.27982022e-01]
  [ 1.49797568e-01]
  [ 4.95172511e-01]
  [ 5.76566351e-01]
  [ 1.48083597e-01]
  [-3.56950814e-01]
  [ 4.12231706e-01]
  [-1.10043693e-01]
  [ 2.10659553e-01]
  [ 4.78958424e-02]
  [-7.17388936e-01]
  [ 4.21181975e-01]
  [-6.01587818e-01]
  [ 4.94066733e-03]
  [ 8.23238434e-01]
  [-1.48271106e-01]
  [ 1.71584114e-01]
  [ 5.32769701e-01]
  [-7.07613390e-02]
  [-2.07653307e-01]
  [-2.40618390e-01]
  [-5.34261975e-02]
  [-2.39142800e-01]
  [ 3.02101256e-01]
  [ 2.83897148e-01]
  [-3.20580004e-01]
  [ 8.79014734e-02]
  [-2.55950148e-01]
  [-1.12281536e-01]
  [-6.28741462e-01]
  [ 7.47228961e-02]
  [-1.95415780e-01]
  [ 3.51608936e-01]
  [-3.54117448e-01]
  [ 1.66387945e-01]
  [-1.65314281e-01]
  [ 1.31455761e-02]
  [-5.25579141e-02]
  [-4.16934370e-02]
  [ 4.15904474e-01]
  [-1.68458716e-01]
  [ 5.18664183e-01]
  [ 1.24558386e-01]
  [-6.40681661e-01]
  [ 1.52627080e-01]
  [-1.80688153e-01]]

 [[ 5.68387861e-02]
  [-5.94066016e-02]
  [ 1.35054716e-01]
  [-7.70772128e-02]
  [ 2.02205482e-02]
  [-2.10877578e-01]
  [ 3.40257725e-01]
  [ 1.50561447e-01]
  [ 3.11552426e-01]
  [ 2.05011412e-01]
  [-4.36594306e-01]
  [ 3.49747438e-01]
  [-5.64262672e-01]
  [ 6.29120017e-02]
  [-3.60568238e-01]
  [ 1.12193945e-01]
  [-6.99652477e-02]
  [-2.18907915e-01]
  [ 3.08445427e-02]
  [-1.14712388e-01]
  [-2.36500701e-01]
  [-1.59307821e-01]
  [ 2.41577210e-01]
  [-2.98012164e-01]
  [-6.58916383e-02]
  [-4.21553746e-01]
  [-2.88440885e-01]
  [-1.16979461e-01]
  [ 5.98582523e-01]
  [ 9.03648538e-01]
  [ 2.49395407e-03]
  [ 7.04191477e-01]
  [ 1.75977288e-01]
  [-7.36401691e-01]
  [-3.09001533e-01]
  [-2.53211681e-01]
  [-2.13945725e-01]
  [ 5.82103926e-01]
  [ 1.07267091e-01]
  [-2.17171885e-01]
  [ 1.52033247e-01]
  [ 6.29599301e-01]
  [-2.95003310e-01]
  [-5.14106575e-01]
  [-6.11236210e-02]
  [ 4.41476600e-01]
  [ 4.41862142e-01]
  [ 1.27032487e-01]
  [ 8.69484589e-02]]

 [[-9.16271081e-01]
  [ 3.89357436e-01]
  [-6.68526239e-02]
  [ 5.91921574e-01]
  [ 4.77518568e-01]
  [-6.70688897e-01]
  [-7.60507030e-01]
  [ 1.41551054e+00]
  [-1.25945108e+00]
  [ 7.77484069e-01]
  [ 8.59034302e-01]
  [-1.98891366e-01]
  [-1.04735431e+00]
  [ 1.35022365e+00]
  [-1.14933910e+00]
  [ 2.17627356e-01]
  [ 5.33428232e-01]
  [-1.36412336e+00]
  [ 9.45969048e-01]
  [ 4.79064004e-01]
  [-9.33651744e-01]
  [-1.26000821e-01]
  [-2.55841966e-01]
  [ 1.48045696e+00]
  [-1.76729966e-01]
  [ 1.36031800e-01]
  [-9.41924126e-01]
  [ 3.95937766e-01]
  [-1.06455967e+00]
  [ 1.45872805e+00]
  [-7.76505228e-01]
  [-3.54744926e-01]
  [-3.09130818e-01]
  [ 4.13825742e-01]
  [ 4.65144814e-01]
  [ 8.83547908e-01]
  [-1.26002676e+00]
  [ 9.88471138e-01]
  [-5.11987891e-01]
  [-1.27536482e-01]
  [-1.84053118e-02]
  [ 2.50407713e-01]
  [ 7.33023527e-01]
  [-2.51490254e-01]
  [ 8.28384112e-01]
  [-1.32032683e+00]
  [ 1.13759163e+00]
  [-7.59268042e-01]
  [ 4.59622856e-02]]

 [[-2.18460591e-01]
  [-5.53510460e-02]
  [ 6.47370499e-01]
  [-8.46482696e-01]
  [ 6.93753697e-01]
  [-1.10626770e-01]
  [ 7.78313444e-02]
  [-3.75277089e-01]
  [ 5.94958792e-01]
  [-4.06044079e-02]
  [ 5.28187468e-01]
  [ 3.30905433e-02]
  [-1.04668277e-04]
  [ 6.40905421e-01]
  [ 8.52487567e-02]
  [ 7.32056578e-02]
  [-7.55643750e-01]
  [ 4.35687880e-01]
  [-4.54680561e-01]
  [ 5.10643615e-01]
  [-2.28581349e-01]
  [ 2.42931886e-02]
  [-1.47717658e-03]
  [ 1.94800960e-01]
  [-2.73366555e-01]
  [-1.84244655e-01]
  [-1.94984815e-02]
  [ 3.24641806e-01]
  [-3.51858097e-02]
  [-2.41994772e-01]
  [ 5.74140875e-02]
  [ 2.02975795e-02]
  [-5.31243222e-01]
  [ 9.40391586e-03]
  [-6.10716076e-01]
  [-1.85438674e-01]
  [ 5.79333332e-01]
  [-6.02528881e-01]
  [-8.28532024e-03]
  [-4.26623614e-01]
  [-4.75394654e-01]
  [-1.48820226e-01]
  [-4.11372596e-02]
  [ 7.69466266e-02]
  [ 7.70214977e-01]
  [-4.01693868e-01]
  [ 5.10556701e-01]
  [-2.34055440e-01]
  [ 8.19510242e-02]]

 [[-4.44963269e-01]
  [ 6.55625047e-02]
  [ 2.81026508e-02]
  [ 3.57652797e-01]
  [ 4.90207575e-01]
  [ 9.14283074e-01]
  [-6.21518741e-01]
  [-4.75597377e-01]
  [-6.49222699e-01]
  [-1.64517105e-01]
  [-1.31018204e-01]
  [ 3.04031463e-01]
  [-6.27457780e-01]
  [ 1.01999852e+00]
  [-2.17720366e-01]
  [ 9.53243635e-01]
  [ 4.00288119e-01]
  [ 5.51998702e-02]
  [ 2.53133150e-01]
  [ 6.96285315e-01]
  [-1.24383941e-01]
  [-6.62684217e-01]
  [ 5.32974160e-01]
  [-6.05037928e-01]
  [ 3.02271058e-01]
  [ 1.94595752e-01]
  [-2.45734549e-01]
  [ 5.40270251e-01]
  [ 5.95986423e-01]
  [-2.44454792e-01]
  [-8.19993216e-01]
  [ 4.59804306e-02]
  [ 5.92716739e-02]
  [ 3.06376764e-01]
  [-6.39354809e-01]
  [-6.50068199e-01]
  [-1.59506134e-01]
  [ 6.11143104e-02]
  [ 6.52989638e-02]
  [-1.79620180e-01]
  [-5.57881267e-02]
  [ 6.28385183e-02]
  [-6.73216861e-02]
  [-2.10520318e-01]
  [-3.26228070e-02]
  [-3.58239187e-01]
  [-6.87262179e-01]
  [ 8.58900131e-01]
  [-6.92626804e-01]]

 [[-1.08777986e-01]
  [-1.50935760e+00]
  [ 2.16744670e+00]
  [-7.05925524e-01]
  [-5.30989029e-01]
  [-3.44054388e-01]
  [ 2.41975449e-01]
  [-7.39609793e-01]
  [ 4.80402237e-01]
  [-2.31270720e-01]
  [-2.55351490e-01]
  [-7.87500360e-01]
  [ 4.17441107e-01]
  [ 4.51813131e-01]
  [ 1.36789706e-01]
  [ 4.84705243e-01]
  [ 2.88335497e-01]
  [-3.44012774e-01]
  [-1.94039229e-02]
  [ 4.31360074e-02]
  [ 9.44588138e-01]
  [-1.36951320e-01]
  [ 7.38044719e-03]
  [ 6.08379868e-02]
  [ 2.66486243e-01]
  [-1.94555736e+00]
  [ 8.36798229e-01]
  [ 2.79666964e-01]
  [-5.83609202e-01]
  [-6.85385899e-01]
  [ 3.18273944e-01]
  [-7.58810377e-02]
  [ 6.50027343e-01]
  [-6.24469025e-01]
  [ 3.60669196e-01]
  [ 8.19521527e-01]
  [ 1.05166663e-01]
  [-8.35842421e-01]
  [ 4.56594938e-01]
  [-2.92491086e-01]
  [ 5.98524741e-01]
  [-1.22413959e+00]
  [ 1.60878276e+00]
  [-1.36226027e+00]
  [-6.56725592e-01]
  [ 2.68104996e-01]
  [ 1.24720602e-01]
  [-3.35600110e-02]
  [-1.19975745e-01]]

 [[-1.39711484e-01]
  [ 1.19290224e-01]
  [ 3.41193194e-02]
  [ 2.37458569e-01]
  [ 7.75375397e-02]
  [-2.92520017e-02]
  [ 3.99613380e-01]
  [-1.53439808e-01]
  [ 2.72973002e-01]
  [ 1.06876140e-01]
  [ 9.13881093e-02]
  [-7.51664428e-02]
  [-3.24962958e-01]
  [ 2.35702431e-01]
  [ 1.57900653e-01]
  [ 1.91673679e-02]
  [-3.01518255e-01]
  [-2.31158435e-01]
  [-4.30678772e-02]
  [-1.05619397e-02]
  [-1.72751545e-01]
  [ 1.32156493e-01]
  [-2.29951633e-01]
  [-2.66145239e-01]
  [-3.71194181e-02]
  [ 5.32008603e-01]
  [-1.77542174e-01]
  [ 1.98971631e-01]
  [ 1.10928396e+00]
  [ 3.61698028e-02]
  [ 7.64175233e-01]
  [-2.40822619e-03]
  [-5.97355894e-02]
  [ 2.39342124e-04]
  [-4.58077146e-01]
  [ 3.43673861e-01]
  [ 2.33133451e-01]
  [ 1.01241707e-01]
  [ 6.68292826e-01]
  [ 3.07712615e-01]
  [ 6.48957594e-01]
  [-9.35552478e-03]
  [-1.90329247e-01]
  [ 6.87348814e-01]
  [-3.75196866e-01]
  [ 3.18508902e-01]
  [ 4.31054694e-01]
  [ 3.02499721e-01]
  [ 2.09512505e-01]]

 [[ 1.00000000e-02]
  [-2.27334336e+00]
  [-4.24811190e+00]
  [-4.10781006e-02]
  [-8.18064536e-01]
  [-2.35527343e-04]
  [ 1.11449218e+00]
  [-1.33825967e+00]
  [ 2.58443690e-01]
  [ 1.91071034e+00]
  [-3.27029491e-01]
  [-1.10749628e-02]
  [-6.45271758e-03]
  [-5.28265146e-01]
  [-1.06555040e-02]
  [-7.95885752e-03]
  [ 2.66444536e-01]
  [-2.09343245e+00]
  [-1.11433512e-02]
  [ 2.99808715e-01]
  [-1.12711770e+00]
  [ 3.71617050e-01]
  [ 2.28150233e+00]
  [ 2.62995463e-03]
  [-5.81311231e-01]
  [-3.73227332e-03]
  [-9.61658640e-04]
  [-1.83790607e+00]
  [ 5.10803584e-03]
  [-6.82128511e-01]
  [ 1.30683761e+00]
  [ 3.46740060e-04]
  [ 2.45268880e-01]
  [ 4.78625798e-03]
  [ 2.62207647e+00]
  [ 2.82730287e+00]
  [-4.19011775e-01]
  [-2.21112420e+00]
  [ 6.81324139e-01]
  [ 1.82709396e-03]
  [ 3.77211715e-02]
  [ 1.87362264e-01]
  [-2.83853733e+00]
  [ 5.76153101e-01]
  [ 9.75564025e-01]
  [-1.04257232e+00]
  [ 4.15299862e-01]
  [-2.67234637e-01]
  [ 3.66155429e+00]]

 [[-1.47212301e-02]
  [ 2.33056944e-01]
  [ 6.70844015e-01]
  [ 1.74604694e-01]
  [-6.79042537e-02]
  [-6.46138178e-02]
  [ 1.41149778e-01]
  [ 8.42649751e-02]
  [-3.01048687e-01]
  [-1.00060365e+00]
  [ 9.33414896e-01]
  [-5.82341959e-01]
  [-1.23198857e-01]
  [-4.23365857e-01]
  [ 2.05718430e-01]
  [ 8.33699079e-02]
  [-7.73523082e-02]
  [ 3.56833534e-01]
  [ 1.14275557e-01]
  [ 2.84031640e-01]
  [-1.12567585e-03]
  [-9.61594967e-02]
  [ 4.32813568e-01]
  [-1.11099368e+00]
  [ 3.17509986e-01]
  [ 2.71789232e-01]
  [-2.75560465e-01]
  [ 2.24176621e-01]
  [-5.49353494e-01]
  [-9.60393041e-01]
  [-1.74588359e-01]
  [ 4.24600286e-01]
  [-1.51447716e-01]
  [-1.02078189e-01]
  [-1.03745799e+00]
  [ 2.86391687e-01]
  [ 4.92600997e-01]
  [-9.59551537e-01]
  [ 3.91533877e-01]
  [ 3.59149423e-01]
  [ 4.82913207e-01]
  [-3.55477062e-01]
  [-8.52537659e-02]
  [ 3.48963545e-01]
  [-6.45321194e-01]
  [ 1.61434666e+00]
  [-3.45030577e-01]
  [-1.01602693e+00]
  [-2.34766218e-01]]

 [[ 1.00000000e-02]
  [ 1.73102844e+00]
  [ 1.31908290e-01]
  [ 1.51352290e+00]
  [ 1.59472366e-01]
  [ 1.33985974e+00]
  [ 1.28890481e+00]
  [-7.70535495e-01]
  [-8.19776272e-02]
  [-2.39260089e+00]
  [ 7.23567234e-04]
  [ 2.29516713e-03]
  [ 1.87334003e-03]
  [ 1.54044738e-03]
  [-1.30549206e+00]
  [ 3.03519675e-03]
  [-3.67201715e-04]
  [ 1.19570033e-02]
  [ 2.05737572e+00]
  [ 1.64694963e+00]
  [-2.70418491e+00]
  [ 2.68556032e-01]
  [ 4.53385178e-03]
  [-5.03528904e+00]
  [-2.61094080e-01]
  [ 5.33141464e-03]
  [-5.71331815e-01]
  [ 2.39310419e+00]
  [-8.04761727e-01]
  [ 6.55438285e-03]
  [ 2.09309942e-01]
  [ 1.44742198e-04]
  [ 1.50642777e+00]
  [ 6.22618099e-01]
  [-9.08164580e-02]
  [-7.37692161e-03]
  [-1.37668688e-03]
  [ 2.06429928e-03]
  [ 2.19308737e-03]
  [ 1.47596690e+00]
  [ 3.07795072e-03]
  [ 7.12323192e-04]
  [-1.58403637e-04]
  [ 4.76427494e-03]
  [-2.25268826e+00]
  [-2.79726704e-01]
  [-3.54727490e-01]
  [-2.12465467e-01]
  [ 1.33667070e+00]]

 [[-3.22206661e-01]
  [-1.50140577e-01]
  [ 1.41382645e-01]
  [-2.58734077e-01]
  [-1.43264632e-01]
  [ 4.07197055e-01]
  [ 6.60157223e-01]
  [-6.29835221e-01]
  [-3.88404506e-01]
  [-1.91498790e-01]
  [-2.32256214e-01]
  [ 1.98736992e-01]
  [ 3.52633313e-01]
  [-1.42500064e-01]
  [ 2.00429907e-01]
  [-1.31150669e-01]
  [ 3.42592023e-01]
  [-1.50739654e-01]
  [-4.49896239e-01]
  [-3.41778954e-01]
  [ 7.73033247e-02]
  [-3.89036637e-01]
  [ 2.66717968e-01]
  [-5.18043592e-01]
  [ 3.53855989e-02]
  [-2.36526074e-02]
  [-4.31534491e-02]
  [ 7.53920267e-02]
  [-1.10308788e-03]
  [-8.04004097e-02]
  [ 2.74582571e-02]
  [ 8.39866523e-02]
  [-1.39486009e-01]
  [-3.09000444e-01]
  [ 1.56801575e-01]
  [ 6.42337871e-01]
  [-3.39902959e-02]
  [-2.51515944e-01]
  [ 5.38064005e-01]
  [ 3.91769362e-01]
  [ 1.61104281e-01]
  [-1.88604658e-01]
  [ 2.69478415e-01]
  [ 5.47717732e-01]
  [-3.84981198e-01]
  [ 1.48996212e-01]
  [-1.21743224e-01]
  [-1.61342189e-02]
  [-1.21806987e-01]]

 [[ 2.25353050e-01]
  [ 1.21032277e-01]
  [-9.32881267e-02]
  [ 4.18392965e-01]
  [-1.26730920e-01]
  [ 8.08654871e-01]
  [ 4.30515030e-02]
  [ 1.95090628e-01]
  [-3.07694589e-01]
  [-3.39401710e-02]
  [-3.13971889e-01]
  [-3.76473653e-01]
  [ 4.71128076e-01]
  [-7.39993378e-02]
  [-1.34870800e-02]
  [-1.09831409e-01]
  [ 4.62018794e-01]
  [-3.04455685e-01]
  [ 6.90093119e-02]
  [-1.88717790e-01]
  [ 2.50293696e-01]
  [-8.61597297e-02]
  [ 5.19396670e-01]
  [ 5.88132391e-02]
  [-2.21480540e-01]
  [-1.13112299e-01]
  [ 6.63020138e-02]
  [-2.63019638e-01]
  [ 8.30805798e-02]
  [ 1.82247665e-01]
  [-4.02085499e-01]
  [-1.31040144e-01]
  [ 1.60523678e-01]
  [-1.64930186e-01]
  [-4.04960205e-01]
  [ 3.53251930e-02]
  [ 8.95665050e-02]
  [-3.44353236e-01]
  [ 4.12249969e-01]
  [-3.47936572e-02]
  [-5.22199964e-01]
  [-5.86679018e-01]
  [ 4.43297503e-02]
  [-3.35223284e-01]
  [ 2.06140764e-01]
  [ 5.51961128e-01]
  [-3.94312181e-01]
  [-4.37678545e-01]
  [-4.92242715e-01]]

 [[ 1.45476792e-01]
  [ 3.55610651e-01]
  [ 1.65377842e-01]
  [-3.88368466e-02]
  [-1.58696172e-01]
  [-4.64800109e-01]
  [-4.57651051e-01]
  [ 8.47974545e-01]
  [-4.25503523e-01]
  [ 4.00879181e-01]
  [-1.20029622e-01]
  [-2.01415409e-02]
  [-4.01319221e-01]
  [-9.42525456e-02]
  [ 5.27855256e-01]
  [ 2.03911593e-01]
  [-8.81249573e-01]
  [-2.52534191e-01]
  [ 1.04599905e+00]
  [ 4.27345255e-01]
  [-9.59259877e-02]
  [-2.79100229e-01]
  [-7.06390500e-02]
  [-3.79602883e-01]
  [ 7.15773495e-01]
  [-2.60215542e-01]
  [-9.71540428e-02]
  [ 3.49818573e-02]
  [ 7.02946090e-01]
  [-8.22827834e-01]
  [ 1.09089140e+00]
  [ 2.92955353e-01]
  [ 6.46500398e-01]
  [ 1.18560130e-01]
  [-5.56123404e-01]
  [-7.71775254e-01]
  [ 2.38938839e-01]
  [-1.05475749e-01]
  [ 6.59757903e-01]
  [-4.28840823e-01]
  [ 2.67873879e-01]
  [-9.73068929e-01]
  [-2.10024563e-01]
  [ 2.84052034e-01]
  [ 7.31220037e-02]
  [ 2.44294642e-01]
  [-3.40809236e-01]
  [-5.24067857e-02]
  [ 9.73693919e-02]]

 [[ 6.74331034e-01]
  [-4.29371040e-02]
  [-9.99379639e-01]
  [ 4.68772651e-01]
  [ 9.40848266e-01]
  [-7.86283969e-01]
  [-5.52032663e-01]
  [ 6.34350612e-01]
  [-6.89128651e-01]
  [ 4.21790243e-01]
  [ 7.58976038e-01]
  [-3.92261274e-01]
  [ 3.91640545e-01]
  [-4.52859451e-01]
  [-7.31849114e-01]
  [-3.36801932e-01]
  [ 1.23956390e+00]
  [-7.66529917e-02]
  [-4.42571225e-01]
  [-4.56031201e-01]
  [-5.84942670e-01]
  [ 9.59110507e-01]
  [ 8.60196560e-01]
  [-1.22101293e+00]
  [ 8.84883784e-01]
  [-5.81047879e-01]
  [ 1.25748694e+00]
  [ 4.26861084e-01]
  [-3.75393217e-01]
  [-6.41711717e-01]
  [-3.27430214e-01]
  [-6.88694140e-01]
  [ 1.31686654e+00]
  [-1.14275878e+00]
  [-3.80910629e-01]
  [ 7.82925788e-01]
  [-9.25535936e-01]
  [-2.73491475e-02]
  [-2.64909880e-01]
  [ 2.03681555e-02]
  [ 1.57980091e+00]
  [-2.18923482e-01]
  [-1.13821959e+00]
  [ 5.47027211e-01]
  [ 1.53973050e-01]
  [-7.01302084e-02]
  [-8.73768102e-01]
  [ 1.00145453e+00]
  [ 9.92524136e-02]]

 [[ 1.52903256e-01]
  [ 9.16831700e-02]
  [ 1.04861922e-01]
  [ 2.28031995e-01]
  [-1.26802781e-01]
  [-7.52972616e-02]
  [ 8.78770794e-01]
  [ 1.29267821e-01]
  [-1.33584141e-01]
  [-4.03274721e-01]
  [ 5.20938242e-01]
  [-1.42827590e-01]
  [ 3.32791234e-01]
  [-3.70179208e-02]
  [ 9.98946175e-02]
  [-7.22602225e-01]
  [ 2.62352122e-01]
  [-3.47751195e-01]
  [-4.79137114e-01]
  [ 2.30482332e-01]
  [-4.17064165e-01]
  [ 5.12142979e-03]
  [ 3.46035347e-01]
  [ 1.16854123e-01]
  [ 4.42572378e-01]
  [ 5.84868680e-01]
  [ 4.51124782e-02]
  [ 6.27506835e-02]
  [-3.88010728e-01]
  [ 1.68718968e-01]
  [ 5.22632753e-01]
  [-2.84156726e-01]
  [-3.25476268e-01]
  [ 5.47925067e-01]
  [-1.72875773e-01]
  [ 2.17456227e-01]
  [-5.94988946e-01]
  [ 4.29137096e-01]
  [ 1.53408862e-01]
  [-5.07253102e-01]
  [ 2.58725774e-01]
  [-1.00552617e+00]
  [-2.70502734e-01]
  [-6.62987369e-01]
  [ 1.43185489e-02]
  [-4.87984022e-01]
  [-3.98178697e-02]
  [-1.28867391e-01]
  [ 1.01409630e+00]]

 [[ 7.17953829e-01]
  [ 2.90502543e-01]
  [-2.54602030e-01]
  [-3.66522557e-01]
  [ 4.17669737e-01]
  [ 7.53308967e-01]
  [-7.29722079e-02]
  [ 2.04073451e-01]
  [-5.51379149e-01]
  [ 8.21076051e-01]
  [-5.09374130e-02]
  [-4.64273762e-01]
  [ 9.92557666e-02]
  [ 2.74748487e-01]
  [ 6.14083883e-01]
  [-3.17974405e-01]
  [-2.12446209e-01]
  [ 3.60876905e-01]
  [ 8.99747209e-02]
  [ 4.43926024e-02]
  [-2.75771675e-01]
  [ 3.55184205e-01]
  [ 9.17418082e-02]
  [ 1.31191056e+00]
  [ 6.49256295e-02]
  [ 1.68342902e-01]
  [ 2.99259142e-01]
  [ 2.49197433e-01]
  [-5.89865743e-01]
  [-9.68605826e-01]
  [ 7.73331150e-01]
  [-1.17479326e+00]
  [-3.86001730e-01]
  [ 2.95974843e-01]
  [ 2.35053803e-01]
  [-4.63764114e-01]
  [ 1.06817426e-01]
  [ 2.75521740e-01]
  [-2.59423318e-01]
  [ 3.38770587e-02]
  [ 5.68415965e-01]
  [ 6.21430365e-02]
  [ 1.95957499e-01]
  [-3.29898202e-01]
  [ 3.50323991e-01]
  [ 1.52645236e-01]
  [-1.55486874e-01]
  [ 2.11080669e-01]
  [ 5.55750483e-02]]

 [[ 9.81607541e-02]
  [-4.12774844e-02]
  [-4.99956800e-01]
  [-4.23387485e-01]
  [ 1.10458449e-02]
  [ 2.09490721e-01]
  [-4.62190856e-01]
  [ 4.74752759e-01]
  [ 4.94518466e-01]
  [ 1.52575712e-01]
  [-4.29377140e-01]
  [ 3.66962307e-01]
  [ 9.92533305e-02]
  [ 2.54292198e-03]
  [-5.19110054e-03]
  [-1.22561949e-01]
  [-2.00031508e-01]
  [ 3.15703842e-01]
  [ 4.45208632e-01]
  [-1.74502114e-01]
  [-5.79910893e-01]
  [-5.36237640e-01]
  [ 1.25276039e-02]
  [ 1.59591397e-02]
  [ 3.62692340e-01]
  [ 2.98816825e-01]
  [-8.64534222e-02]
  [-6.24589694e-01]
  [ 6.77676351e-01]
  [-3.42493119e-01]
  [-8.92524031e-01]
  [ 2.78359282e-01]
  [-1.02230560e-01]
  [-1.92922901e-01]
  [ 4.14341210e-01]
  [-2.41041943e-01]
  [-4.70940392e-01]
  [ 3.74065973e-02]
  [ 6.40165755e-01]
  [ 2.51312523e-01]
  [-3.42566499e-01]
  [-3.14678596e-01]
  [-1.19472463e-01]
  [ 1.73171384e-01]
  [ 7.26965573e-02]
  [ 1.77269551e-01]
  [ 1.81533836e-01]
  [-8.02312281e-02]
  [-5.23381612e-02]]

 [[ 5.82064610e-01]
  [-1.47402742e-02]
  [-1.39900196e+00]
  [ 5.91929415e-01]
  [ 5.81920913e-01]
  [-7.52211624e-01]
  [-8.41322726e-01]
  [ 1.93451392e+00]
  [ 2.92827323e-01]
  [-1.99618859e-01]
  [-9.97738066e-01]
  [-6.63021439e-02]
  [ 7.18785665e-01]
  [-7.28050858e-01]
  [ 2.10847726e-01]
  [-3.78805935e-01]
  [-7.03529800e-01]
  [ 9.36118579e-01]
  [-3.90116044e-01]
  [ 4.35688167e-01]
  [ 2.34115913e-01]
  [-3.10215198e-01]
  [ 3.65419652e-01]
  [-4.48779181e-01]
  [ 8.19894263e-01]
  [ 4.58245229e-01]
  [-1.49173054e+00]
  [ 6.87745689e-02]
  [ 3.23160491e-01]
  [-5.57646258e-02]
  [-9.59562581e-01]
  [-3.64813645e-02]
  [ 4.49964954e-01]
  [ 7.09927415e-01]
  [ 4.01743503e-01]
  [-5.12484632e-01]
  [ 6.57519691e-01]
  [-2.31390022e-01]
  [ 8.83892658e-01]
  [-6.25047587e-01]
  [-2.82889861e-01]
  [ 3.83169623e-01]
  [-1.84878823e+00]
  [-8.33713177e-01]
  [ 1.11045893e+00]
  [-2.25055329e-01]
  [ 1.54421779e+00]
  [-1.27250967e+00]
  [-1.09553006e+00]]

 [[ 1.48848293e-02]
  [ 2.47364034e-01]
  [ 5.08303076e-01]
  [-7.28526902e-01]
  [ 2.99018511e-01]
  [ 3.90849333e-01]
  [ 2.38978253e-01]
  [-4.49832704e-01]
  [ 2.30457621e-01]
  [ 5.88378685e-01]
  [-3.02903150e-01]
  [ 4.02281407e-02]
  [ 3.94150732e-01]
  [ 1.63969913e-01]
  [-9.15447576e-01]
  [ 4.40241288e-01]
  [-1.42562630e-01]
  [ 5.81864211e-02]
  [-4.82576397e-01]
  [-1.40015950e-02]
  [-1.28280171e-01]
  [ 1.46331312e-01]
  [ 1.86179643e-01]
  [-4.13743025e-01]
  [-8.56740957e-02]
  [-5.79777234e-01]
  [-1.74011128e-01]
  [-9.11221963e-02]
  [ 2.30721727e-01]
  [-7.56341486e-01]
  [ 1.02430010e+00]
  [-5.10271380e-01]
  [ 4.55294272e-02]
  [ 1.58624621e-01]
  [ 1.50137522e-01]
  [ 4.35370136e-01]
  [-2.41884063e-01]
  [ 5.86235158e-01]
  [-3.15950058e-01]
  [ 1.82527826e-01]
  [-3.32816188e-01]
  [-2.63796674e-01]
  [ 6.18574774e-02]
  [ 4.51378835e-01]
  [-4.05193686e-01]
  [-1.47400117e-03]
  [ 3.52433697e-01]
  [-1.21983701e-01]
  [-6.10925722e-02]]

 [[ 1.00000000e-02]
  [ 1.23044499e-02]
  [-5.64173023e-01]
  [-4.02307401e-02]
  [ 1.03522770e-01]
  [ 3.05853262e+00]
  [ 6.22194590e-03]
  [ 4.51772304e-04]
  [ 1.59461227e+00]
  [ 9.60554983e-03]
  [ 8.25127868e-03]
  [ 1.38453780e-02]
  [-2.69563194e+00]
  [ 1.23932955e-02]
  [ 1.08405684e-02]
  [ 7.54039531e-03]
  [ 2.97949348e+00]
  [ 1.02260173e+00]
  [ 3.93377911e+00]
  [-9.21698541e-02]
  [ 1.00445884e-02]
  [ 3.91913922e-01]
  [ 7.96306557e-03]
  [ 1.36730343e+00]
  [ 1.38250421e-01]
  [ 7.97647657e-03]
  [ 5.91663800e-01]
  [-6.74917551e-03]
  [-1.06000430e-02]
  [ 7.77090557e-01]
  [-8.43821977e-03]
  [ 1.01397461e+00]
  [-6.67383402e-02]
  [-3.69025932e+00]
  [ 8.43754178e-01]
  [-8.80963677e-01]
  [-3.08369683e-03]
  [ 9.82452134e-01]
  [-5.56181912e-01]
  [ 1.44839319e+00]
  [ 6.77395319e-01]
  [-2.37422419e+00]
  [-1.22621169e+00]
  [ 4.97069928e+00]
  [-8.60583096e-01]
  [-5.93348601e-01]
  [-6.15610336e+00]
  [-6.24221459e-03]
  [ 5.14741834e-01]]

 [[-1.93756654e-01]
  [ 4.84197006e-01]
  [ 1.76420731e-01]
  [ 4.89076767e-01]
  [ 3.00884849e-01]
  [ 2.28159168e-01]
  [-6.56856477e-02]
  [ 4.87082052e-01]
  [-3.33301025e-01]
  [-7.38524954e-02]
  [ 2.59924746e-01]
  [-4.84996677e-01]
  [ 3.18817057e-01]
  [ 9.68794955e-02]
  [-1.01224496e-02]
  [ 9.27167106e-01]
  [-6.38972791e-02]
  [ 6.67006643e-01]
  [-1.01246316e-01]
  [-1.62319819e-01]
  [ 1.12897719e-01]
  [-1.42554324e-01]
  [ 5.64135068e-01]
  [ 1.30551168e-01]
  [-7.33273806e-02]
  [ 4.21100713e-02]
  [-4.46415953e-01]
  [-3.01131344e-01]
  [ 3.60416612e-01]
  [-2.47559234e-01]
  [-7.35894294e-01]
  [ 2.27963758e-01]
  [-2.08435933e-01]
  [ 9.67112588e-02]
  [-8.21476456e-01]
  [-4.70520147e-01]
  [ 9.98225573e-01]
  [ 2.14355104e-01]
  [-3.07371820e-01]
  [ 5.01675898e-01]
  [-1.34582771e-01]
  [-2.25469968e-01]
  [ 1.16464673e+00]
  [-2.43543209e-01]
  [ 4.35186110e-01]
  [ 1.69492115e-01]
  [ 3.22749300e-01]
  [ 1.16897022e-01]
  [ 1.73288303e-01]]

 [[-3.00078930e-01]
  [ 3.96649996e-01]
  [-2.26592421e-01]
  [-3.72767488e-01]
  [ 7.89581077e-01]
  [-3.90446892e-01]
  [-6.65430447e-01]
  [-2.47955559e-01]
  [ 1.49531457e-01]
  [ 5.28838093e-01]
  [-6.56659752e-02]
  [-2.06271853e-01]
  [-6.27370931e-01]
  [-1.29140454e-01]
  [-7.09416937e-01]
  [-6.06732907e-01]
  [ 2.59346600e-01]
  [ 4.41459492e-02]
  [ 1.82181152e-02]
  [ 7.54140404e-01]
  [ 1.71712943e-01]
  [ 4.03748493e-01]
  [-2.40011506e-01]
  [ 5.44908746e-02]
  [-2.12137152e-01]
  [ 1.52148832e-01]
  [-3.93493943e-01]
  [ 4.75249941e-01]
  [-5.49577323e-01]
  [ 1.53076709e-01]
  [ 4.46664871e-01]
  [-1.28205702e-01]
  [-2.18155002e-01]
  [ 1.17791433e-01]
  [-4.51620789e-01]
  [ 7.93359264e-01]
  [-2.91323219e-01]
  [-3.33913513e-01]
  [ 6.95956484e-01]
  [-2.60092267e-01]
  [-1.46842691e-01]
  [ 2.50106965e-01]
  [-3.16763305e-01]
  [ 1.37114372e-01]
  [ 5.90898622e-01]
  [ 6.03923456e-01]
  [ 8.77173703e-02]
  [-4.14652942e-01]
  [ 1.94863090e-01]]

 [[-1.12606173e-02]
  [-2.71880803e-02]
  [ 2.70078470e-03]
  [-5.92065047e-01]
  [-2.35681800e-01]
  [ 3.63543332e-01]
  [-2.14473442e-01]
  [ 1.14753930e+00]
  [ 4.59611931e-01]
  [ 2.63875684e-01]
  [-1.18203575e-01]
  [ 3.51512469e-01]
  [-3.44048271e-01]
  [ 8.70043419e-01]
  [ 1.05924774e-01]
  [-1.97518823e-01]
  [-5.72945995e-01]
  [ 1.04866832e-01]
  [ 2.72917022e-01]
  [ 4.70880584e-03]
  [-8.89983804e-01]
  [ 1.44739328e-01]
  [-2.12464284e-01]
  [-8.82860539e-02]
  [-3.27809315e-01]
  [ 3.61074888e-01]
  [-7.06400821e-01]
  [ 3.35816353e-01]
  [-4.71451410e-01]
  [-1.07554195e-01]
  [-6.65242563e-01]
  [-4.81671381e-02]
  [-2.64752890e-01]
  [ 1.71540902e-01]
  [-3.15009270e-01]
  [ 5.49764139e-01]
  [ 3.84687165e-01]
  [-1.83227525e-01]
  [-3.75538268e-01]
  [-4.95110267e-01]
  [-1.39935953e-01]
  [-7.54177775e-02]
  [-6.54112147e-01]
  [ 3.48615254e-02]
  [ 5.27559831e-01]
  [-3.67377073e-01]
  [-3.25274292e-01]
  [-1.70766789e-01]
  [-2.89911864e-01]]

 [[-1.19197201e+01]
  [ 1.11582191e-02]
  [-2.72186363e+00]
  [ 1.24317885e-02]
  [ 2.15871844e+00]
  [ 1.28723276e-02]
  [-1.07737776e+00]
  [ 7.71282541e-03]
  [ 5.41910105e-03]
  [-2.39193065e-01]
  [-4.92999321e-04]
  [-1.42433262e-03]
  [ 2.12205942e-03]
  [ 4.82064324e-03]
  [ 7.93774831e-03]
  [ 7.95014227e-03]
  [ 1.46093270e-03]
  [ 4.79238402e-03]
  [ 6.81046879e-03]
  [ 1.45677500e-02]
  [ 1.76255229e-02]
  [ 1.60245831e-02]
  [ 1.90483093e-02]
  [ 1.49053004e-02]
  [ 1.47831176e-02]
  [ 1.41084647e-02]
  [ 1.20655933e-02]
  [ 3.81295185e-03]
  [ 3.20251043e-03]
  [ 2.13778266e+00]
  [ 9.05349029e-04]
  [ 1.41899025e-03]
  [ 6.50163424e-04]
  [ 1.46858879e-03]
  [-1.46801956e-03]
  [ 2.15525710e-03]
  [ 2.56402295e-03]
  [ 5.00348037e-03]
  [-8.53100961e-04]
  [ 6.87823062e-03]
  [ 6.72280530e-03]
  [ 7.89752762e-03]
  [ 8.99770671e-03]
  [ 1.06041954e-02]
  [ 6.91528772e-03]
  [ 3.80129537e-03]
  [-6.13101043e-04]
  [ 2.79896409e-03]
  [ 2.47638192e-03]]

 [[ 1.00000000e-02]
  [ 1.35773123e-02]
  [ 1.12210179e-02]
  [ 1.65780945e+00]
  [ 3.20092767e-01]
  [ 2.31318853e+00]
  [ 1.25997286e+00]
  [-2.03870405e+00]
  [-3.26236164e+00]
  [-1.78578181e+00]
  [-2.34424647e-03]
  [ 1.95128736e-03]
  [-5.78007342e-01]
  [-8.73472717e-02]
  [-2.72368890e+00]
  [ 3.96157541e+00]
  [-2.89246733e+00]
  [-3.41970557e-03]
  [ 1.81047829e-01]
  [ 4.25761946e-03]
  [-2.01911654e-03]
  [-2.64951518e-03]
  [ 6.27092997e-04]
  [ 3.10508960e-01]
  [ 5.33199831e-03]
  [ 8.85203544e-03]
  [ 5.51561788e-01]
  [ 7.58471074e-01]
  [ 1.61585755e+00]
  [ 3.45889791e+00]
  [-1.49177351e+00]
  [-5.70854445e-01]
  [-1.38188118e-01]
  [-6.71004788e-01]
  [ 1.02094795e+00]
  [-3.92606480e-01]
  [-6.76380389e-01]
  [ 9.36663682e-01]
  [-1.07907404e-02]
  [-1.30236831e+00]
  [-2.03809677e+00]
  [ 1.11151930e-02]
  [ 4.98886530e-01]
  [-1.96435687e-01]
  [-1.14667089e+00]
  [-5.19355435e-01]
  [ 6.71857203e-02]
  [-1.47001593e-02]
  [ 5.10981951e-01]]

 [[ 3.59770590e-01]
  [ 1.36099014e-01]
  [-2.39131186e-01]
  [-4.49843325e-01]
  [-1.16237925e-01]
  [ 1.33178422e-01]
  [-4.01995828e-01]
  [-8.23469381e-01]
  [-1.87372973e-01]
  [ 1.47233231e-01]
  [ 4.47256972e-01]
  [-4.15046401e-02]
  [-3.50119530e-01]
  [ 8.63202794e-02]
  [ 7.73471697e-02]
  [-4.61121787e-01]
  [ 3.08722109e-01]
  [ 6.63649572e-01]
  [ 1.74498927e-01]
  [-2.39086903e-01]
  [ 8.06777675e-01]
  [ 6.51856344e-02]
  [ 2.56670789e-01]
  [ 1.02444821e+00]
  [ 5.89801063e-01]
  [ 7.00015626e-01]
  [-3.33443844e-02]
  [-3.93448724e-01]
  [-1.70841221e-01]
  [-5.28588572e-01]
  [ 2.02046010e-01]
  [-2.15446227e-01]
  [ 3.18748294e-01]
  [ 4.14426523e-02]
  [ 2.72074997e-01]
  [ 1.47010812e-01]
  [ 7.58395254e-02]
  [ 1.35727012e-02]
  [ 3.90195554e-01]
  [ 6.50562986e-01]
  [-2.11000186e-01]
  [-1.23420879e-01]
  [ 1.10260461e-01]
  [ 7.41927162e-02]
  [ 1.99036066e-01]
  [-1.75093207e-01]
  [-4.58783806e-01]
  [ 1.49729982e-01]
  [ 2.47026858e-01]]

 [[-6.88010998e-01]
  [ 6.75035416e-01]
  [-7.85801819e-01]
  [-2.79164168e-01]
  [ 4.04316883e-01]
  [-4.39205409e-01]
  [ 2.50184699e-01]
  [-3.70564522e-01]
  [-7.19645157e-02]
  [ 1.91696751e-01]
  [ 2.31374019e-01]
  [ 4.50647953e-01]
  [-3.40595730e-01]
  [-4.02602712e-01]
  [ 6.88388452e-01]
  [-4.44218745e-01]
  [-3.96549995e-01]
  [ 1.16706979e+00]
  [-9.12781020e-01]
  [ 3.64537596e-01]
  [ 5.18288743e-01]
  [-1.10787505e+00]
  [ 6.19002318e-01]
  [ 6.02421477e-01]
  [ 4.76106739e-01]
  [ 4.29384514e-01]
  [ 5.81813542e-01]
  [-1.51878972e+00]
  [ 1.80448087e+00]
  [-1.47078499e+00]
  [-3.90966669e-01]
  [ 1.20575032e+00]
  [-7.47666166e-01]
  [ 1.84601557e+00]
  [-2.43564854e-01]
  [-2.44102206e-02]
  [-2.89349701e-01]
  [ 1.51440335e-01]
  [-1.60244753e+00]
  [ 9.89849551e-01]
  [-9.89107062e-02]
  [-6.49433779e-01]
  [ 1.20907597e+00]
  [ 6.24367805e-01]
  [-1.53104073e+00]
  [ 2.55937824e-01]
  [-5.52757207e-01]
  [-1.06613657e+00]
  [ 6.05488807e-01]]

 [[-2.23432744e-01]
  [-3.82477281e-01]
  [ 1.71890515e-01]
  [ 2.82030157e-01]
  [-2.50475366e-01]
  [ 1.58610488e-01]
  [ 2.02961778e-01]
  [-4.67074622e-01]
  [-6.07422874e-01]
  [-9.58294289e-02]
  [-6.19084394e-01]
  [-4.40974902e-01]
  [-1.03767156e-01]
  [-3.80502074e-01]
  [ 9.05529625e-03]
  [-1.44733274e-01]
  [-3.29943376e-01]
  [ 3.55967004e-02]
  [-3.95886934e-01]
  [ 2.12321576e-01]
  [ 3.08626124e-02]
  [-1.79689131e-01]
  [-3.24020691e-01]
  [ 2.89601158e-01]
  [ 1.33292195e-01]
  [ 3.77406852e-01]
  [ 4.78760835e-01]
  [ 2.93459176e-01]
  [ 4.51821530e-01]
  [-2.20647816e-01]
  [-1.04768184e-01]
  [-5.14930643e-02]
  [-6.52093589e-01]
  [-7.52445559e-01]
  [-1.77827628e-01]
  [ 3.98495211e-01]
  [-1.92564521e-01]
  [ 3.95594906e-02]
  [ 7.08618110e-01]
  [ 3.22646815e-01]
  [ 2.02435422e-01]
  [ 3.76731271e-01]
  [-3.70528084e-01]
  [-3.62429848e-01]
  [-2.65220024e-01]
  [-7.63958555e-01]
  [-4.48428843e-01]
  [-5.19958015e-01]
  [ 2.39721114e-01]]

 [[ 6.54570713e-02]
  [ 2.07774210e-01]
  [ 6.22389160e-01]
  [-6.63851688e-01]
  [-4.17746439e-01]
  [ 1.61993820e-01]
  [ 9.37045382e-03]
  [ 3.48348802e-01]
  [ 5.52759219e-02]
  [ 6.61320280e-01]
  [-7.08353445e-01]
  [-1.60853037e-01]
  [-4.91204768e-02]
  [-6.81918073e-01]
  [ 1.20227356e+00]
  [-9.44773682e-01]
  [ 1.33605544e+00]
  [-3.46594025e-01]
  [-2.56588776e-01]
  [ 1.09745511e+00]
  [-1.26070189e-01]
  [-5.46806165e-01]
  [ 5.73149433e-01]
  [-1.04631022e+00]
  [-6.98932477e-02]
  [-9.56273111e-01]
  [ 2.17627167e-01]
  [-9.69077477e-03]
  [ 3.08590196e-01]
  [-3.03021708e-02]
  [ 1.56903132e-01]
  [-8.24044920e-01]
  [ 1.08178729e+00]
  [-1.06001159e+00]
  [-7.51880911e-02]
  [ 3.07918381e-01]
  [ 6.14001168e-01]
  [ 2.64684028e-02]
  [-6.13504499e-01]
  [ 7.39630488e-02]
  [-3.10276861e-01]
  [-6.26598188e-01]
  [ 1.03832535e+00]
  [ 5.40512451e-01]
  [-4.71641393e-01]
  [ 2.04982419e-01]
  [ 3.56643722e-01]
  [ 4.06831961e-01]
  [ 7.02990013e-01]]

 [[-6.69696908e-01]
  [ 9.14341038e-02]
  [ 5.74002553e-01]
  [ 4.59383348e-01]
  [ 2.55092531e-01]
  [-2.53744580e-01]
  [ 5.73685476e-01]
  [ 6.56229326e-02]
  [-4.85951092e-02]
  [ 3.08436283e-01]
  [ 4.95840210e-01]
  [-4.98962637e-02]
  [-2.50705404e-01]
  [ 1.66847474e-01]
  [ 2.14149943e-01]
  [ 7.07882829e-02]
  [-3.35321195e-02]
  [-3.08009319e-01]
  [-4.95397749e-01]
  [-1.90691000e-01]
  [-1.25254391e-01]
  [-1.82810537e-01]
  [-2.00752979e-01]
  [-3.24782475e-02]
  [ 5.36352601e-01]
  [ 2.57886722e-01]
  [-3.95896664e-02]
  [-5.86322475e-01]
  [ 3.36242348e-01]
  [ 4.43510078e-01]
  [ 1.67599595e-01]
  [-6.81511537e-01]
  [-2.88381975e-02]
  [ 2.10081947e-01]
  [ 2.65506378e-01]
  [ 2.01839880e-03]
  [-4.29796116e-01]
  [-3.21940125e-01]
  [-2.39179703e-02]
  [ 3.86895745e-03]
  [ 3.84288307e-01]
  [ 3.62724216e-01]
  [-1.95613248e-01]
  [-2.20666006e-01]
  [-1.52219660e-01]
  [ 2.31505335e-01]
  [-6.08526736e-01]
  [-9.27182770e-01]
  [ 1.84812566e-01]]]